service_id,monday,tuesday,wednesday,thursday,friday,saturday,sunday,start_date,end_date
50696,0,0,0,0,0,1,0,20210901,20220901
50697,0,0,0,0,0,0,1,20210901,20220901
46720,1,1,1,1,1,0,0,20210201,20220901
49801,1,1,1,1,1,0,0,20210601,20220901
49865,0,0,0,0,0,1,0,20210601,20220901
49874,0,0,0,0,0,0,1,20210601,20220901
47119,1,1,1,1,1,0,0,20210901,20220901
48611,0,0,0,0,0,1,0,20210809,20220901
49795,0,0,0,0,0,0,1,20210809,20220901
50700,1,1,1,1,1,0,0,20210901,20220901
51361,0,0,0,0,0,1,0,20210901,20220901
51363,0,0,0,0,0,0,1,20210901,20220901
47388,1,1,1,1,1,0,0,20210901,20220901
47132,0,0,0,0,0,1,0,20210201,20220901
47154,0,0,0,0,0,0,1,20210201,20220901
47164,1,1,1,1,1,0,0,20210901,20220901
50393,1,1,1,1,1,0,0,20210714,20210919
50395,0,0,0,0,0,1,0,20210714,20210919
47381,1,1,1,1,1,0,0,20210901,20220901
47357,0,0,0,0,0,1,0,20210417,20220901
47362,0,0,0,0,0,0,1,20210417,20220901
43115,1,1,1,1,1,0,0,20210901,20220901
45773,1,1,1,1,1,0,0,20210901,20220901
45774,1,1,1,1,1,0,0,20210901,20220901
45772,1,1,1,1,1,0,0,20210901,20220901
48764,0,0,0,0,0,1,0,20210901,20220901
48765,0,0,0,0,0,0,1,20210901,20220901
49324,1,1,1,1,1,0,0,20210901,20220901
51228,1,1,1,1,1,0,0,20210901,20220901
43552,0,0,0,0,0,1,0,20200901,20220901
44550,0,0,0,0,0,0,1,20200901,20220901
51290,1,1,1,1,1,0,0,20210901,20220901
50345,0,0,0,0,0,1,0,20210901,20220901
51674,0,0,0,0,0,0,1,20210901,20220901
41628,1,1,1,1,1,0,0,20200601,20220901
51510,1,1,1,1,1,0,0,20210901,20210919
50401,0,0,0,0,0,1,0,20210714,20210919
50404,0,0,0,0,0,0,1,20210714,20210919
46025,1,1,1,1,1,0,0,20201101,20220901
46027,0,0,0,0,0,1,0,20201101,20220901
46028,0,0,0,0,0,0,1,20201101,20220901
50280,1,1,1,1,1,0,0,20210809,20210905
50286,0,0,0,0,0,1,0,20210809,20210905
50296,0,0,0,0,0,0,1,20210809,20210905
51419,0,0,0,0,0,1,0,20210901,20220901
51420,0,0,0,0,0,1,0,20210901,20220901
51455,0,0,0,0,0,0,1,20210901,20220901
51456,0,0,0,0,0,0,1,20210901,20220901
49832,1,1,1,1,1,0,0,20210601,20220901
49833,1,1,1,1,1,0,0,20210601,20220901
50715,1,1,1,1,1,0,0,20210901,20220901
48318,0,0,0,0,0,1,0,20210901,20220901
50719,0,0,0,0,0,0,1,20210901,20220901
50716,1,1,1,1,1,0,0,20210901,20220901
50718,0,0,0,0,0,1,0,20210901,20220901
50720,0,0,0,0,0,0,1,20210901,20220901
50724,1,1,1,1,1,0,0,20210901,20220901
50727,0,0,0,0,0,1,0,20210901,20220901
51351,0,0,0,0,0,0,1,20210901,20220901
50732,1,1,1,1,1,0,0,20210901,20220901
50737,0,0,0,0,0,1,0,20210901,20220901
51357,0,0,0,0,0,0,1,20210901,20220901
48954,1,1,1,1,1,0,0,20210901,20220901
42471,1,1,1,1,1,0,0,20200701,20220901
30031,0,0,0,0,0,1,0,20200701,20220901
30032,0,0,0,0,0,0,1,20200701,20220901
46453,1,1,1,1,1,0,0,20210901,20220901
43492,0,0,0,0,0,1,0,20200901,20220901
44623,0,0,0,0,0,0,1,20200901,20220901
46445,1,1,1,1,1,0,0,20210901,20220901
43493,0,0,0,0,0,1,0,20200901,20220901
44624,0,0,0,0,0,0,1,20200901,20220901
48961,1,1,1,1,1,0,0,20210901,20220901
38440,0,0,0,0,0,1,0,20191001,20220901
38441,0,0,0,0,0,0,1,20191001,20220901
37192,1,1,1,1,1,0,0,20190901,20220901
42821,0,0,0,0,0,1,0,20200601,20220901
42853,0,0,0,0,0,0,1,20200601,20220901
34970,1,1,1,1,1,0,0,20190201,20220901
47169,1,1,1,1,1,0,0,20210715,20220901
34679,1,1,1,1,1,0,0,20200901,20220901
38479,0,0,0,0,0,1,0,20200901,20220901
34591,0,0,0,0,0,0,1,20200901,20220901
44670,1,1,1,1,1,0,0,20210901,20220901
48895,1,1,1,1,1,0,0,20210901,20220901
45754,0,0,0,0,0,1,0,20201101,20220901
45756,0,0,0,0,0,0,1,20201101,20220901
47144,1,1,1,1,1,0,0,20210901,20220901
46232,0,0,0,0,0,1,0,20201201,20220901
46233,0,0,0,0,0,0,1,20201201,20220901
35567,1,1,1,1,1,0,0,20190215,20220901
31252,0,0,0,0,0,1,0,20190215,20220901
31251,0,0,0,0,0,0,1,20190215,20220901
51364,1,1,1,1,1,0,0,20210901,20220901
38057,0,0,0,0,0,1,0,20190901,20220901
38118,0,0,0,0,0,0,1,20190901,20220901
40230,1,1,1,1,1,0,0,20210901,20220901
43604,0,0,0,0,0,1,0,20210901,20220901
51371,0,0,0,0,0,0,1,20210901,20220901
46239,1,1,1,1,1,0,0,20201201,20220901
46237,0,0,0,0,0,1,0,20201201,20220901
46238,0,0,0,0,0,0,1,20201201,20220901
39512,1,1,1,1,1,0,0,20210612,20220901
32141,0,0,0,0,0,1,0,20210612,20220901
32142,0,0,0,0,0,0,1,20210612,20220901
48990,1,1,1,1,1,0,0,20210901,20220901
47733,0,0,0,0,0,1,0,20210901,20220901
47734,0,0,0,0,0,0,1,20210901,20220901
50738,1,1,1,1,1,0,0,20210901,20220901
50989,0,0,0,0,0,1,0,20210901,20220901
51355,0,0,0,0,0,0,1,20210901,20220901
51067,1,1,1,1,1,0,0,20210901,20220901
51722,0,0,0,0,0,1,0,20210901,20220901
51725,0,0,0,0,0,0,1,20210901,20220901
51066,1,1,1,1,1,0,0,20210901,20220901
48228,0,0,0,0,0,1,0,20210601,20220901
48110,0,0,0,0,0,0,1,20210601,20220901
36222,1,1,1,1,1,0,0,20200901,20220901
36182,0,0,0,0,0,1,0,20200901,20220901
36190,0,0,0,0,0,0,1,20200901,20220901
50390,1,1,1,1,1,0,0,20210714,20210919
49702,1,1,1,1,1,0,0,20210901,20220901
35512,1,1,1,1,1,0,0,20190301,20220901
47145,1,1,1,1,1,0,0,20210901,20220901
51442,1,1,1,1,1,0,0,20210901,20220901
50403,0,0,0,0,0,1,0,20210714,20210919
50405,0,0,0,0,0,0,1,20210714,20210919
34328,1,1,1,1,1,0,0,20210901,20220901
35337,0,0,0,0,0,1,0,20210705,20220901
35338,0,0,0,0,0,0,1,20210705,20220901
35806,1,1,1,1,1,0,0,20210901,20220901
35850,0,0,0,0,0,1,0,20200511,20220901
35860,0,0,0,0,0,0,1,20200511,20220901
39498,1,1,1,1,1,0,0,20210901,20220901
33924,0,0,0,0,0,1,0,20200901,20220901
37834,0,0,0,0,0,0,1,20200901,20220901
46716,1,1,1,1,1,0,0,20210901,20220901
50603,1,1,1,1,1,0,0,20210901,20220901
51395,1,1,1,1,1,0,0,20210901,20220901
33200,0,0,0,0,0,1,0,20190201,20220901
33201,0,0,0,0,0,0,1,20190201,20220901
38292,1,1,1,1,1,0,0,20210901,20220901
38352,0,0,0,0,0,1,0,20210705,20220901
38466,0,0,0,0,0,0,1,20210705,20220901
47631,1,1,1,1,1,0,0,20210501,20220901
47622,0,0,0,0,0,1,0,20210501,20220901
47630,0,0,0,0,0,0,1,20210501,20220901
45758,1,1,1,1,1,0,0,20210901,20220901
44087,0,0,0,0,0,0,1,20200901,20220901
35341,0,0,0,0,0,1,0,20190201,20220901
49794,0,0,0,0,0,1,0,20210601,20220901
49931,0,0,0,0,0,0,1,20210601,20220901
51232,1,1,1,1,1,0,0,20210901,20220901
51235,0,0,0,0,0,1,0,20210901,20220901
51237,0,0,0,0,0,0,1,20210901,20220901
45824,1,1,1,1,1,0,0,20210901,20220901
44591,0,0,0,0,0,1,0,20210901,20220901
51393,0,0,0,0,0,0,1,20210901,20220901
51708,1,1,1,1,1,0,0,20210901,20220901
50740,1,1,1,1,1,0,0,20210715,20210919
50742,0,0,0,0,0,1,0,20210715,20210919
50744,0,0,0,0,0,0,1,20210715,20210919
51189,1,1,1,1,1,0,0,20210809,20210912
51199,0,0,0,0,0,1,0,20210809,20210912
51200,0,0,0,0,0,0,1,20210809,20210912
35666,1,1,1,1,1,0,0,20210901,20220901
38598,0,0,0,0,0,1,0,20210901,20220901
38604,0,0,0,0,0,0,1,20210901,20220901
35668,1,1,1,1,1,0,0,20210901,20220901
37133,0,0,0,0,0,1,0,20190601,20220901
37143,0,0,0,0,0,0,1,20190601,20220901
51064,1,1,1,1,1,0,0,20210901,20220901
48031,0,0,0,0,0,1,0,20210601,20220901
48030,0,0,0,0,0,0,1,20210601,20220901
47690,1,1,1,1,1,0,0,20210601,20220901
47700,0,0,0,0,0,1,0,20210601,20220901
49774,0,0,0,0,0,0,1,20210601,20220901
51430,1,1,1,1,1,0,0,20210901,20220901
51431,1,1,1,1,1,0,0,20210901,20220901
51432,1,1,1,1,1,0,0,20210901,20220901
51429,1,1,1,1,0,0,0,20210901,20220901
51433,0,0,0,0,1,0,0,20210901,20220901
51434,0,1,0,0,0,0,0,20210901,20220901
38180,0,1,0,0,0,0,0,20190901,20220901
38181,0,0,0,0,1,0,0,20190901,20220901
50595,1,1,1,1,1,0,0,20210902,20220901
50598,1,1,1,1,1,0,0,20210902,20220901
51815,1,1,1,1,1,0,0,20210902,20220901
50613,1,1,1,1,1,0,0,20210902,20220901
50597,1,1,1,1,1,0,0,20210902,20220901
43708,1,1,1,1,1,0,0,20210902,20220901
50623,1,1,1,1,1,0,0,20210901,20220901
46054,1,1,1,1,1,0,0,20210902,20220901
50703,1,1,1,1,1,0,0,20210902,20220901
45540,1,1,1,1,1,0,0,20210901,20220901
45632,1,1,1,1,1,0,0,20210902,20220901
51061,1,1,1,1,1,0,0,20210901,20220901
51186,0,0,0,0,0,1,1,20210901,20220901
50535,1,1,1,1,1,0,0,20210902,20220901
51682,1,1,1,1,1,0,0,20210902,20220901
51684,0,0,0,0,1,0,0,20210901,20220901
50530,0,0,0,0,1,0,0,20210901,20220901
50536,1,1,1,1,1,0,0,20210902,20220901
51224,1,1,1,1,1,0,0,20210902,20220901
51203,1,1,1,0,1,0,0,20210901,20220901
51204,0,0,0,1,0,0,0,20210901,20220901
51205,0,0,0,0,0,1,1,20210901,20220901
50538,1,1,1,1,1,0,0,20210902,20220901
50539,1,1,1,1,1,0,0,20210902,20220901
50540,1,1,1,1,1,0,0,20210902,20220901
51679,1,1,1,1,1,0,0,20210902,20220901
51680,1,1,1,1,1,0,0,20210902,20220901
50533,1,1,1,1,0,0,0,20210902,20220901
50534,1,1,1,1,1,0,0,20210902,20220901
49994,1,1,1,1,1,0,0,20210901,20220901
50001,0,1,0,0,0,0,0,20210901,20220901
47547,1,1,1,1,1,0,0,20210901,20220901
51282,0,0,0,0,0,1,0,20210801,20220901
51288,1,1,1,1,1,0,0,20210901,20220901
51283,0,0,0,0,0,1,0,20210801,20220901
51287,1,1,1,1,1,0,0,20210901,20220901
51284,0,0,0,0,0,1,0,20210801,20220901
51289,1,1,1,1,1,0,0,20210901,20220901
51285,0,0,0,0,0,1,0,20210801,20220901
51369,1,1,1,1,1,0,0,20210901,20220901
49995,1,1,1,1,1,0,0,20210901,20220901
50939,1,1,1,1,1,0,0,20210901,20220901
50940,0,0,0,0,0,1,1,20210901,20220901
49996,1,1,1,1,1,0,0,20210901,20220901
49997,1,1,1,1,1,0,0,20210901,20220901
50941,1,1,1,1,1,0,0,20210901,20220901
50942,0,0,0,0,0,1,0,20210901,20220901
50943,0,0,0,0,0,0,1,20210901,20220901
51367,1,1,1,1,1,0,0,20210901,20220901
49999,0,0,0,0,1,0,0,20210901,20220901
50000,1,1,1,1,1,0,0,20210901,20220901
44634,1,1,1,1,1,0,0,20200901,20220901
51251,1,1,1,1,0,0,0,20210901,20220901
51250,0,0,0,0,1,0,0,20210901,20220901
51193,1,1,1,1,1,0,0,20210901,20220901
50675,1,1,1,1,1,0,0,20210902,20220901
50678,1,1,1,1,1,0,0,20210902,20220901
50682,1,1,1,1,1,0,0,20210902,20220901
50683,1,1,1,1,1,0,0,20210902,20220901
50685,1,1,1,1,1,0,0,20210902,20220901
50684,1,1,1,1,1,0,0,20210902,20220901
51231,1,1,1,1,1,0,0,20210902,20220901
50680,1,1,1,1,1,0,0,20210902,20220901
51230,1,1,1,1,1,0,0,20210902,20220901
50676,1,1,1,1,1,0,0,20210902,20220901
50677,1,1,1,1,1,0,0,20210902,20220901
51252,1,1,1,1,1,0,0,20210902,20220901
51276,1,1,1,1,1,0,0,20210901,20220901
51277,1,1,1,1,1,0,0,20210901,20220901
51253,1,1,1,1,1,0,0,20210902,20220901
51254,1,1,1,1,1,0,0,20210902,20220901
51255,1,0,0,0,0,0,0,20210902,20220901
51256,0,1,1,1,1,0,0,20210902,20220901
51257,1,1,1,1,1,0,0,20210902,20220901
51258,1,1,1,1,1,0,0,20210902,20220901
51259,1,0,0,0,0,0,0,20210902,20220901
51260,0,1,1,1,1,0,0,20210902,20220901
47597,1,1,1,1,1,0,0,20210301,20220901
50690,1,1,1,1,1,0,0,20210901,20220901
51272,1,1,1,1,1,0,0,20210902,20220901
51273,1,1,1,1,1,0,0,20210902,20220901
51274,1,1,1,1,1,0,0,20210902,20220901
51275,1,1,1,1,1,0,0,20210902,20220901
51265,1,1,1,1,0,0,0,20210902,20220901
51266,0,0,0,0,1,0,0,20210901,20220901
51267,1,1,1,1,0,0,0,20210902,20220901
51268,0,0,0,0,1,0,0,20210901,20220901
51269,1,0,1,0,0,0,0,20210902,20220901
51270,0,1,0,1,1,0,0,20210902,20220901
44688,0,0,0,0,1,0,0,20200901,20220901
51271,1,1,1,1,1,0,0,20210902,20220901
50569,1,1,1,1,1,0,0,20210901,20220901
50570,0,0,0,0,0,1,0,20210901,20220901
50572,0,0,0,0,0,0,1,20210901,20220901
44140,1,1,1,1,1,0,0,20210901,20220901
50605,0,0,0,0,0,1,0,20210901,20220901
50604,0,0,0,0,0,0,1,20210901,20220901
44403,1,1,1,1,1,0,0,20210901,20220901
44130,0,0,0,0,0,1,0,20210901,20220901
44135,0,0,0,0,0,0,1,20210901,20220901
41038,1,1,1,1,1,0,0,20210901,20220901
50610,1,1,1,1,1,0,0,20210901,20220901
50611,1,1,1,1,1,0,0,20210901,20220901
50573,0,0,0,0,0,1,0,20210901,20220901
50574,0,0,0,0,0,0,1,20210901,20220901
50626,1,1,1,1,1,0,0,20210901,20220901
50627,1,1,1,1,1,0,0,20210901,20220901
44132,0,0,0,0,0,1,0,20210901,20220901
44137,0,0,0,0,0,0,1,20210901,20220901
50634,1,1,1,1,1,0,0,20210901,20220901
44125,1,1,1,1,1,0,0,20210901,20220901
44126,1,1,1,1,1,0,0,20210901,20220901
44138,0,0,0,0,0,0,1,20210901,20220901
44133,0,0,0,0,0,1,0,20210901,20220901
51248,1,1,1,1,1,0,0,20210902,20220901
51249,1,1,1,1,1,0,0,20210902,20220901
51261,1,1,1,1,1,0,0,20210901,20220901
51262,1,1,1,1,1,0,0,20210902,20220901
51263,1,1,1,1,1,0,0,20210902,20220901
51264,1,1,1,1,1,0,0,20210902,20220901
47600,1,1,1,1,1,0,0,20210401,20220901
47606,0,0,0,0,0,1,1,20210401,20220901
47570,1,1,1,1,1,0,0,20210401,20220901
47571,0,0,0,0,0,1,1,20210401,20220901
47602,1,1,1,1,1,0,0,20210401,20220901
47607,0,0,0,0,0,1,1,20210401,20220901
47603,1,1,1,1,1,0,0,20210401,20220901
47608,0,0,0,0,0,1,1,20210401,20220901
51220,1,1,1,1,1,0,0,20210901,20220901
51210,0,0,0,0,0,1,1,20210901,20220901
51211,1,1,1,1,1,0,0,20210901,20220901
51212,1,1,1,1,1,0,0,20210901,20220901
51213,0,0,0,0,0,1,1,20210901,20220901
50944,1,1,1,1,1,0,0,20210901,20220901
50945,0,0,0,0,0,1,1,20210901,20220901
51214,1,1,1,1,1,0,0,20210901,20220901
51215,0,0,0,0,0,1,1,20210901,20220901
51216,1,1,1,1,1,0,0,20210901,20220901
50729,0,0,0,0,0,1,1,20210901,20220901
51206,1,1,1,1,1,0,0,20210901,20220901
51218,1,1,1,1,1,0,0,20210901,20220901
50730,0,0,0,0,0,1,1,20210901,20220901
50916,1,1,1,1,1,0,0,20210901,20220901
51079,1,1,1,1,1,0,0,20210901,20220901
51128,0,0,0,0,0,1,1,20210901,20220901
50917,1,1,1,1,1,0,0,20210901,20220901
51223,1,1,1,1,1,0,0,20210901,20220901
51238,0,0,0,0,0,1,1,20210901,20220901
50892,1,1,1,1,1,0,0,20210901,20220901
50891,0,0,0,0,0,1,1,20210901,20220901
50918,1,1,1,1,1,0,0,20210901,20220901
50919,0,0,0,0,0,1,1,20210901,20220901
51339,1,1,1,1,1,0,0,20210901,20220901
51340,0,0,0,0,0,1,1,20210901,20220901
51173,1,1,1,1,1,0,0,20210901,20220901
51080,1,1,1,1,1,0,0,20210901,20220901
51087,0,0,0,0,0,1,1,20210901,20220901
51106,1,1,1,1,1,0,0,20210901,20220901
51109,0,0,0,0,0,1,1,20210901,20220901
51303,1,1,1,1,1,0,0,20210901,20220901
51304,0,0,0,0,0,1,1,20210901,20220901
51333,1,1,1,1,1,0,0,20210901,20220901
51336,0,0,0,0,0,1,1,20210901,20220901
51337,1,1,1,1,1,0,0,20210901,20220901
51338,0,0,0,0,0,1,1,20210901,20220901
51170,1,1,1,1,1,0,0,20210901,20220901
51172,1,1,1,1,1,0,0,20210901,20220901
51084,1,1,1,1,1,0,0,20210901,20220901
51129,0,0,0,0,0,1,1,20210901,20220901
51085,1,1,1,1,1,0,0,20210901,20220901
51130,0,0,0,0,0,1,1,20210901,20220901
46492,1,1,1,1,1,0,0,20201213,20220901
46493,0,0,0,0,0,1,1,20201213,20220901
50946,1,1,1,1,1,0,0,20210901,20220901
50947,0,0,0,0,0,1,1,20210901,20220901
50948,1,1,1,1,1,0,0,20210901,20220901
50949,0,0,0,0,0,1,1,20210901,20220901
50950,1,1,1,1,1,0,0,20210901,20220901
50951,0,0,0,0,0,1,1,20210901,20220901
51086,1,1,1,1,1,0,0,20210901,20220901
51134,0,0,0,0,0,1,1,20210901,20220901
50920,1,1,1,1,1,0,0,20210901,20220901
51146,1,1,1,1,1,0,0,20210901,20220901
50894,0,0,0,0,0,1,1,20210901,20220901
50952,1,1,1,1,1,0,0,20210901,20220901
50953,0,0,0,0,0,1,1,20210901,20220901
50955,1,1,1,1,1,0,0,20210901,20220901
50921,1,1,1,1,1,0,0,20210901,20220901
50922,1,1,1,1,1,0,0,20210901,20220901
50923,0,0,0,0,0,1,1,20210901,20220901
51093,1,1,1,1,1,0,0,20210901,20220901
51094,0,0,0,0,0,1,1,20210901,20220901
51095,1,1,1,1,1,0,0,20210901,20220901
51096,0,0,0,0,0,1,1,20210901,20220901
50631,1,1,1,1,1,0,0,20210901,20220901
51029,0,0,0,0,0,1,1,20210901,20220901
50956,1,1,1,1,1,0,0,20210901,20220901
50957,0,0,0,0,0,1,1,20210901,20220901
50958,1,1,1,1,1,0,0,20210901,20220901
50959,1,1,1,1,1,0,0,20210901,20220901
50960,0,0,0,0,0,1,1,20210901,20220901
50961,1,1,1,1,1,0,0,20210901,20220901
50963,0,0,0,0,0,1,1,20210901,20220901
50101,1,1,1,1,1,0,0,20210614,20220901
50964,1,1,1,1,1,0,0,20210901,20220901
50965,0,0,0,0,0,1,1,20210901,20220901
50967,1,1,1,1,1,0,0,20210901,20220901
50968,0,0,0,0,0,1,1,20210901,20220901
50969,1,1,1,1,1,0,0,20210901,20220901
50970,0,0,0,0,0,1,1,20210901,20220901
50971,1,1,1,1,1,0,0,20210901,20220901
50972,0,0,0,0,0,1,1,20210901,20220901
50924,1,1,1,1,1,0,0,20210901,20220901
51100,1,1,1,1,1,0,0,20210901,20220901
50973,1,1,1,1,1,0,0,20210901,20220901
50974,0,0,0,0,0,1,1,20210901,20220901
50931,1,1,1,1,1,0,0,20210901,20220901
50932,0,0,0,0,0,1,1,20210901,20220901
50977,1,1,1,1,1,0,0,20210901,20220901
50978,0,0,0,0,0,1,1,20210901,20220901
50979,1,1,1,1,1,0,0,20210901,20220901
51174,1,1,1,1,1,0,0,20210901,20220901
51175,0,0,0,0,0,1,1,20210901,20220901
51135,1,1,1,1,1,0,0,20210901,20220901
51139,0,0,0,0,0,1,1,20210901,20220901
51439,1,1,1,1,1,0,0,20210901,20220901
51177,0,0,0,0,0,1,1,20210901,20220901
51166,1,1,1,1,1,0,0,20210901,20220901
51207,1,1,1,1,1,0,0,20210901,20220901
51195,1,1,1,1,1,0,0,20210901,20220901
51196,0,0,0,0,0,1,1,20210901,20220901
51197,1,1,1,1,1,0,0,20210901,20220901
51198,0,0,0,0,0,1,1,20210901,20220901
48082,1,1,1,1,1,0,0,20210901,20220901
48083,0,0,0,0,0,1,1,20210901,20220901
51190,1,1,1,1,1,0,0,20210901,20220901
51191,0,0,0,0,0,1,1,20210901,20220901
51185,1,1,1,1,1,0,0,20210901,20220901
51187,1,1,1,1,1,0,0,20210901,20220901
51188,0,0,0,0,0,1,1,20210901,20220901
51192,1,1,1,1,1,0,0,20210901,20220901
51194,0,0,0,0,0,1,1,20210901,20220901
51184,0,0,0,0,0,1,1,20210901,20220901
51182,1,1,1,1,1,0,0,20210901,20220901
51183,0,0,0,0,0,1,1,20210901,20220901
51161,1,1,1,1,1,0,0,20210901,20220901
51162,0,0,0,0,0,1,1,20210901,20220901
47604,1,1,1,1,1,0,0,20210614,20220901
47609,0,0,0,0,0,1,1,20210614,20220901
50925,1,1,1,1,1,0,0,20210901,20220901
50982,0,0,0,0,0,1,1,20210901,20220901
51163,1,1,1,1,1,0,0,20210901,20220901
51165,0,0,0,0,0,1,1,20210901,20220901
50980,1,1,1,1,1,0,0,20210901,20220901
50981,0,0,0,0,0,1,1,20210901,20220901
47590,1,1,1,1,1,0,0,20210401,20220901
47593,0,0,0,0,0,1,1,20210401,20220901
47591,1,1,1,1,1,0,0,20210401,20220901
47594,0,0,0,0,0,1,1,20210401,20220901
47592,1,1,1,1,1,0,0,20210401,20220901
47595,0,0,0,0,0,1,1,20210401,20220901
47605,1,1,1,1,1,0,0,20210401,20220901
47610,0,0,0,0,0,1,1,20210401,20220901
51111,1,1,1,1,1,0,0,20210901,20220901
51113,0,0,0,0,0,1,1,20210901,20220901
50868,1,1,1,1,1,0,0,20210901,20220901
51151,1,1,1,1,1,0,0,20210901,20220901
51160,0,0,0,0,0,1,1,20210901,20220901
47491,1,1,1,1,0,0,0,20210315,20220901
47494,0,0,0,0,1,0,0,20210315,20220901
47495,0,0,0,0,0,1,1,20210315,20220901
47497,1,1,1,1,1,0,0,20210315,20220901
47500,0,0,0,0,0,1,1,20210315,20220901
47496,1,1,1,1,1,0,0,20210315,20220901
47551,0,0,0,0,0,1,1,20210315,20220901
43247,1,1,1,1,1,0,0,20200518,20220901
43248,0,0,0,0,0,1,0,20200518,20220901
43250,0,0,0,0,0,0,1,20200518,20220901
48610,1,0,0,0,0,0,0,20210821,20210930
47831,0,0,0,0,0,1,0,20210821,20210930
47834,0,0,0,0,0,0,1,20210821,20210930
47811,0,0,0,0,1,0,0,20210821,20210930
51816,1,1,1,1,1,1,1,20210904,20210904
51817,1,1,1,1,1,0,0,20210802,20210930
51818,1,1,1,1,1,1,1,20210802,20210930
51819,1,1,1,1,1,1,1,20210802,20210930
51820,1,1,1,1,1,0,0,20210802,20210930
51821,1,1,1,1,1,0,0,20210802,20210930
51822,1,1,1,1,1,1,1,20210802,20210930
51823,1,1,1,1,1,1,1,20210904,20210904
51296,1,1,1,1,1,0,0,20210901,20220901
51424,0,0,0,0,0,1,0,20210901,20220901
51426,0,0,0,0,0,0,1,20210901,20220901
51297,1,1,1,1,1,0,0,20210901,20220901
51427,0,0,0,0,0,1,0,20210901,20220901
51428,0,0,0,0,0,0,1,20210901,20220901
51299,1,1,1,1,1,0,0,20210901,20220901
49444,0,0,0,0,0,1,0,20210601,20220901
49589,0,0,0,0,0,0,1,20210601,20220901
51295,1,1,1,1,1,0,0,20210901,20220901
49445,0,0,0,0,0,1,0,20210601,20220901
49443,0,0,0,0,0,0,1,20210601,20220901
51293,1,1,1,1,1,0,0,20210901,20220901
48835,0,0,0,0,0,1,0,20210501,20220901
48309,0,0,0,0,0,0,1,20210501,20220901
51292,1,1,1,1,1,0,0,20210901,20220901
48308,0,0,0,0,0,1,0,20210501,20220901
48307,0,0,0,0,0,0,1,20210501,20220901
51068,1,1,1,1,1,0,0,20210901,20220901
48304,0,0,0,0,0,1,0,20210501,20220901
48303,0,0,0,0,0,0,1,20210501,20220901
51294,1,1,1,1,1,0,0,20210901,20220901
48836,0,0,0,0,0,1,0,20210501,20220901
48305,0,0,0,0,0,0,1,20210501,20220901