service_id,date,exception_type
50696,20220101,2
50696,20220224,2
50696,20220330,2
50696,20220501,2
50696,20220623,2
50696,20220624,2
50696,20220820,2
50696,20211224,2
50696,20211225,2
50696,20211226,2
50697,20220101,1
50697,20220224,1
50697,20220330,1
50697,20220501,1
50697,20220623,1
50697,20220624,1
50697,20220820,1
50697,20211224,1
50697,20211225,1
50697,20211226,1
46720,20220101,2
46720,20220224,2
46720,20220330,2
46720,20220501,2
46720,20220623,2
46720,20220624,2
46720,20220820,2
46720,20211224,2
46720,20211225,2
46720,20211226,2
49801,20220101,2
49801,20220224,2
49801,20220330,2
49801,20220501,2
49801,20220623,2
49801,20220624,2
49801,20220820,2
49801,20211224,2
49801,20211225,2
49801,20211226,2
49865,20220101,2
49865,20220224,2
49865,20220330,2
49865,20220501,2
49865,20220623,2
49865,20220624,2
49865,20220820,2
49865,20211224,2
49865,20211225,2
49865,20211226,2
49874,20220101,1
49874,20220224,1
49874,20220330,1
49874,20220501,1
49874,20220623,1
49874,20220624,1
49874,20220820,1
49874,20211224,1
49874,20211225,1
49874,20211226,1
47119,20220101,2
47119,20220224,2
47119,20220330,2
47119,20220501,2
47119,20220623,2
47119,20220624,2
47119,20220820,2
47119,20211224,2
47119,20211225,2
47119,20211226,2
48611,20220101,2
48611,20220224,2
48611,20220330,2
48611,20220501,2
48611,20220623,2
48611,20220624,2
48611,20220820,2
48611,20211224,2
48611,20211225,2
48611,20211226,2
49795,20220101,1
49795,20220224,1
49795,20220330,1
49795,20220501,1
49795,20220623,1
49795,20220624,1
49795,20220820,1
49795,20211224,1
49795,20211225,1
49795,20211226,1
50700,20220101,2
50700,20220224,2
50700,20220330,2
50700,20220501,2
50700,20220623,2
50700,20220624,2
50700,20220820,2
50700,20211224,2
50700,20211225,2
50700,20211226,2
51361,20220101,2
51361,20220224,2
51361,20220330,2
51361,20220501,2
51361,20220623,2
51361,20220624,2
51361,20220820,2
51361,20211224,2
51361,20211225,2
51361,20211226,2
51363,20220101,1
51363,20220224,1
51363,20220330,1
51363,20220501,1
51363,20220623,1
51363,20220624,1
51363,20220820,1
51363,20211224,1
51363,20211225,1
51363,20211226,1
47388,20220101,2
47388,20220224,2
47388,20220330,2
47388,20220501,2
47388,20220623,2
47388,20220624,2
47388,20220820,2
47388,20211224,2
47388,20211225,2
47388,20211226,2
47132,20220101,2
47132,20220224,2
47132,20220330,2
47132,20220501,2
47132,20220623,2
47132,20220624,2
47132,20220820,2
47132,20211224,2
47132,20211225,2
47132,20211226,2
47154,20220101,1
47154,20220224,1
47154,20220330,1
47154,20220501,1
47154,20220623,1
47154,20220624,1
47154,20220820,1
47154,20211224,1
47154,20211225,1
47154,20211226,1
47164,20220101,2
47164,20220224,2
47164,20220330,2
47164,20220501,2
47164,20220623,2
47164,20220624,2
47164,20220820,2
47164,20211224,2
47164,20211225,2
47164,20211226,2
47381,20220101,2
47381,20220224,2
47381,20220330,2
47381,20220501,2
47381,20220623,2
47381,20220624,2
47381,20220820,2
47381,20211224,2
47381,20211225,2
47381,20211226,2
47357,20220101,2
47357,20220224,2
47357,20220330,2
47357,20220501,2
47357,20220623,2
47357,20220624,2
47357,20220820,2
47357,20211224,2
47357,20211225,2
47357,20211226,2
47362,20220101,1
47362,20220224,1
47362,20220330,1
47362,20220501,1
47362,20220623,1
47362,20220624,1
47362,20220820,1
47362,20211224,1
47362,20211225,1
47362,20211226,1
43115,20220101,2
43115,20220224,2
43115,20220330,2
43115,20220501,2
43115,20220623,2
43115,20220624,2
43115,20220820,2
43115,20211224,2
43115,20211225,2
43115,20211226,2
45773,20220101,2
45773,20220224,2
45773,20220330,2
45773,20220501,2
45773,20220623,2
45773,20220624,2
45773,20220820,2
45773,20211224,2
45773,20211225,2
45773,20211226,2
45774,20220101,2
45774,20220224,2
45774,20220330,2
45774,20220501,2
45774,20220623,2
45774,20220624,2
45774,20220820,2
45774,20211224,2
45774,20211225,2
45774,20211226,2
45772,20220101,2
45772,20220224,2
45772,20220330,2
45772,20220501,2
45772,20220623,2
45772,20220624,2
45772,20220820,2
45772,20211224,2
45772,20211225,2
45772,20211226,2
48764,20220101,2
48764,20220224,2
48764,20220330,2
48764,20220501,2
48764,20220623,2
48764,20220624,2
48764,20220820,2
48764,20211224,2
48764,20211225,2
48764,20211226,2
48765,20220101,1
48765,20220224,1
48765,20220330,1
48765,20220501,1
48765,20220623,1
48765,20220624,1
48765,20220820,1
48765,20211224,1
48765,20211225,1
48765,20211226,1
49324,20220101,2
49324,20220224,2
49324,20220330,2
49324,20220501,2
49324,20220623,2
49324,20220624,2
49324,20220820,2
49324,20211224,2
49324,20211225,2
49324,20211226,2
51228,20220101,2
51228,20220224,2
51228,20220330,2
51228,20220501,2
51228,20220623,2
51228,20220624,2
51228,20220820,2
51228,20211224,2
51228,20211225,2
51228,20211226,2
43552,20220101,2
43552,20220224,2
43552,20220330,2
43552,20220501,2
43552,20220623,2
43552,20220624,2
43552,20220820,2
43552,20211224,2
43552,20211225,2
43552,20211226,2
44550,20220101,1
44550,20220224,1
44550,20220330,1
44550,20220501,1
44550,20220623,1
44550,20220624,1
44550,20220820,1
44550,20211224,1
44550,20211225,1
44550,20211226,1
51290,20220101,2
51290,20220224,2
51290,20220330,2
51290,20220501,2
51290,20220623,2
51290,20220624,2
51290,20220820,2
51290,20211224,2
51290,20211225,2
51290,20211226,2
50345,20220101,2
50345,20220224,2
50345,20220330,2
50345,20220501,2
50345,20220623,2
50345,20220624,2
50345,20220820,2
50345,20211224,2
50345,20211225,2
50345,20211226,2
51674,20220101,1
51674,20220224,1
51674,20220330,1
51674,20220501,1
51674,20220623,1
51674,20220624,1
51674,20220820,1
51674,20211224,1
51674,20211225,1
51674,20211226,1
41628,20220101,2
41628,20220224,2
41628,20220330,2
41628,20220501,2
41628,20220623,2
41628,20220624,2
41628,20220820,2
41628,20211224,2
41628,20211225,2
41628,20211226,2
46025,20220101,2
46025,20220224,2
46025,20220330,2
46025,20220501,2
46025,20220623,2
46025,20220624,2
46025,20220820,2
46025,20211224,2
46025,20211225,2
46025,20211226,2
46027,20220101,2
46027,20220224,2
46027,20220330,2
46027,20220501,2
46027,20220623,2
46027,20220624,2
46027,20220820,2
46027,20211224,2
46027,20211225,2
46027,20211226,2
46028,20220101,1
46028,20220224,1
46028,20220330,1
46028,20220501,1
46028,20220623,1
46028,20220624,1
46028,20220820,1
46028,20211224,1
46028,20211225,1
46028,20211226,1
51419,20220101,2
51419,20220224,2
51419,20220330,2
51419,20220501,2
51419,20220623,2
51419,20220624,2
51419,20220820,2
51419,20211224,2
51419,20211225,2
51419,20211226,2
51420,20220101,2
51420,20220224,2
51420,20220330,2
51420,20220501,2
51420,20220623,2
51420,20220624,2
51420,20220820,2
51420,20211224,2
51420,20211225,2
51420,20211226,2
51455,20220101,1
51455,20220224,1
51455,20220330,1
51455,20220501,1
51455,20220623,1
51455,20220624,1
51455,20220820,1
51455,20211224,1
51455,20211225,1
51455,20211226,1
51456,20220101,1
51456,20220224,1
51456,20220330,1
51456,20220501,1
51456,20220623,1
51456,20220624,1
51456,20220820,1
51456,20211224,1
51456,20211225,1
51456,20211226,1
49832,20220101,2
49832,20220224,2
49832,20220330,2
49832,20220501,2
49832,20220623,2
49832,20220624,2
49832,20220820,2
49832,20211224,2
49832,20211225,2
49832,20211226,2
49833,20220101,2
49833,20220224,2
49833,20220330,2
49833,20220501,2
49833,20220623,2
49833,20220624,2
49833,20220820,2
49833,20211224,2
49833,20211225,2
49833,20211226,2
50715,20220101,2
50715,20220224,2
50715,20220330,2
50715,20220501,2
50715,20220623,2
50715,20220624,2
50715,20220820,2
50715,20211224,2
50715,20211225,2
50715,20211226,2
48318,20220101,2
48318,20220224,2
48318,20220330,2
48318,20220501,2
48318,20220623,2
48318,20220624,2
48318,20220820,2
48318,20211224,2
48318,20211225,2
48318,20211226,2
50719,20220101,1
50719,20220224,1
50719,20220330,1
50719,20220501,1
50719,20220623,1
50719,20220624,1
50719,20220820,1
50719,20211224,1
50719,20211225,1
50719,20211226,1
50716,20220101,2
50716,20220224,2
50716,20220330,2
50716,20220501,2
50716,20220623,2
50716,20220624,2
50716,20220820,2
50716,20211224,2
50716,20211225,2
50716,20211226,2
50718,20220101,2
50718,20220224,2
50718,20220330,2
50718,20220501,2
50718,20220623,2
50718,20220624,2
50718,20220820,2
50718,20211224,2
50718,20211225,2
50718,20211226,2
50720,20220101,1
50720,20220224,1
50720,20220330,1
50720,20220501,1
50720,20220623,1
50720,20220624,1
50720,20220820,1
50720,20211224,1
50720,20211225,1
50720,20211226,1
50724,20220101,2
50724,20220224,2
50724,20220330,2
50724,20220501,2
50724,20220623,2
50724,20220624,2
50724,20220820,2
50724,20211224,2
50724,20211225,2
50724,20211226,2
50727,20220101,2
50727,20220224,2
50727,20220330,2
50727,20220501,2
50727,20220623,2
50727,20220624,2
50727,20220820,2
50727,20211224,2
50727,20211225,2
50727,20211226,2
51351,20220101,1
51351,20220224,1
51351,20220330,1
51351,20220501,1
51351,20220623,1
51351,20220624,1
51351,20220820,1
51351,20211224,1
51351,20211225,1
51351,20211226,1
50732,20220101,2
50732,20220224,2
50732,20220330,2
50732,20220501,2
50732,20220623,2
50732,20220624,2
50732,20220820,2
50732,20211224,2
50732,20211225,2
50732,20211226,2
50737,20220101,2
50737,20220224,2
50737,20220330,2
50737,20220501,2
50737,20220623,2
50737,20220624,2
50737,20220820,2
50737,20211224,2
50737,20211225,2
50737,20211226,2
51357,20220101,1
51357,20220224,1
51357,20220330,1
51357,20220501,1
51357,20220623,1
51357,20220624,1
51357,20220820,1
51357,20211224,1
51357,20211225,1
51357,20211226,1
48954,20220101,2
48954,20220224,2
48954,20220330,2
48954,20220501,2
48954,20220623,2
48954,20220624,2
48954,20220820,2
48954,20211224,2
48954,20211225,2
48954,20211226,2
42471,20220101,2
42471,20220224,2
42471,20220330,2
42471,20220501,2
42471,20220623,2
42471,20220624,2
42471,20220820,2
42471,20211224,2
42471,20211225,2
42471,20211226,2
30031,20220101,2
30031,20220224,2
30031,20220330,2
30031,20220501,2
30031,20220623,2
30031,20220624,2
30031,20220820,2
30031,20211224,2
30031,20211225,2
30031,20211226,2
30032,20220101,1
30032,20220224,1
30032,20220330,1
30032,20220501,1
30032,20220623,1
30032,20220624,1
30032,20220820,1
30032,20211224,1
30032,20211225,1
30032,20211226,1
46453,20220101,2
46453,20220224,2
46453,20220330,2
46453,20220501,2
46453,20220623,2
46453,20220624,2
46453,20220820,2
46453,20211224,2
46453,20211225,2
46453,20211226,2
43492,20220101,2
43492,20220224,2
43492,20220330,2
43492,20220501,2
43492,20220623,2
43492,20220624,2
43492,20220820,2
43492,20211224,2
43492,20211225,2
43492,20211226,2
44623,20220101,1
44623,20220224,1
44623,20220330,1
44623,20220501,1
44623,20220623,1
44623,20220624,1
44623,20220820,1
44623,20211224,1
44623,20211225,1
44623,20211226,1
46445,20220101,2
46445,20220224,2
46445,20220330,2
46445,20220501,2
46445,20220623,2
46445,20220624,2
46445,20220820,2
46445,20211224,2
46445,20211225,2
46445,20211226,2
43493,20220101,2
43493,20220224,2
43493,20220330,2
43493,20220501,2
43493,20220623,2
43493,20220624,2
43493,20220820,2
43493,20211224,2
43493,20211225,2
43493,20211226,2
44624,20220101,1
44624,20220224,1
44624,20220330,1
44624,20220501,1
44624,20220623,1
44624,20220624,1
44624,20220820,1
44624,20211224,1
44624,20211225,1
44624,20211226,1
48961,20220101,2
48961,20220224,2
48961,20220330,2
48961,20220501,2
48961,20220623,2
48961,20220624,2
48961,20220820,2
48961,20211224,2
48961,20211225,2
48961,20211226,2
38440,20220101,2
38440,20220224,2
38440,20220330,2
38440,20220501,2
38440,20220623,2
38440,20220624,2
38440,20220820,2
38440,20211224,2
38440,20211225,2
38440,20211226,2
38441,20220101,1
38441,20220224,1
38441,20220330,1
38441,20220501,1
38441,20220623,1
38441,20220624,1
38441,20220820,1
38441,20211224,1
38441,20211225,1
38441,20211226,1
37192,20220101,2
37192,20220224,2
37192,20220330,2
37192,20220501,2
37192,20220623,2
37192,20220624,2
37192,20220820,2
37192,20211224,2
37192,20211225,2
37192,20211226,2
42821,20220101,2
42821,20220224,2
42821,20220330,2
42821,20220501,2
42821,20220623,2
42821,20220624,2
42821,20220820,2
42821,20211224,2
42821,20211225,2
42821,20211226,2
42853,20220101,1
42853,20220224,1
42853,20220330,1
42853,20220501,1
42853,20220623,1
42853,20220624,1
42853,20220820,1
42853,20211224,1
42853,20211225,1
42853,20211226,1
34970,20220101,2
34970,20220224,2
34970,20220330,2
34970,20220501,2
34970,20220623,2
34970,20220624,2
34970,20220820,2
34970,20211224,2
34970,20211225,2
34970,20211226,2
47169,20220101,2
47169,20220224,2
47169,20220330,2
47169,20220501,2
47169,20220623,2
47169,20220624,2
47169,20220820,2
47169,20211224,2
47169,20211225,2
47169,20211226,2
34679,20220101,2
34679,20220224,2
34679,20220330,2
34679,20220501,2
34679,20220623,2
34679,20220624,2
34679,20220820,2
34679,20211224,2
34679,20211225,2
34679,20211226,2
38479,20220101,2
38479,20220224,2
38479,20220330,2
38479,20220501,2
38479,20220623,2
38479,20220624,2
38479,20220820,2
38479,20211224,2
38479,20211225,2
38479,20211226,2
34591,20220101,1
34591,20220224,1
34591,20220330,1
34591,20220501,1
34591,20220623,1
34591,20220624,1
34591,20220820,1
34591,20211224,1
34591,20211225,1
34591,20211226,1
44670,20220101,2
44670,20220224,2
44670,20220330,2
44670,20220501,2
44670,20220623,2
44670,20220624,2
44670,20220820,2
44670,20211224,2
44670,20211225,2
44670,20211226,2
48895,20220101,2
48895,20220224,2
48895,20220330,2
48895,20220501,2
48895,20220623,2
48895,20220624,2
48895,20220820,2
48895,20211224,2
48895,20211225,2
48895,20211226,2
45754,20220101,2
45754,20220224,2
45754,20220330,2
45754,20220501,2
45754,20220623,2
45754,20220624,2
45754,20220820,2
45754,20211224,2
45754,20211225,2
45754,20211226,2
45756,20220101,1
45756,20220224,1
45756,20220330,1
45756,20220501,1
45756,20220623,1
45756,20220624,1
45756,20220820,1
45756,20211224,1
45756,20211225,1
45756,20211226,1
47144,20220101,2
47144,20220224,2
47144,20220330,2
47144,20220501,2
47144,20220623,2
47144,20220624,2
47144,20220820,2
47144,20211224,2
47144,20211225,2
47144,20211226,2
46232,20220101,2
46232,20220224,2
46232,20220330,2
46232,20220501,2
46232,20220623,2
46232,20220624,2
46232,20220820,2
46232,20211224,2
46232,20211225,2
46232,20211226,2
46233,20220101,1
46233,20220224,1
46233,20220330,1
46233,20220501,1
46233,20220623,1
46233,20220624,1
46233,20220820,1
46233,20211224,1
46233,20211225,1
46233,20211226,1
35567,20220101,2
35567,20220224,2
35567,20220330,2
35567,20220501,2
35567,20220623,2
35567,20220624,2
35567,20220820,2
35567,20211224,2
35567,20211225,2
35567,20211226,2
31252,20220101,2
31252,20220224,2
31252,20220330,2
31252,20220501,2
31252,20220623,2
31252,20220624,2
31252,20220820,2
31252,20211224,2
31252,20211225,2
31252,20211226,2
31251,20220101,1
31251,20220224,1
31251,20220330,1
31251,20220501,1
31251,20220623,1
31251,20220624,1
31251,20220820,1
31251,20211224,1
31251,20211225,1
31251,20211226,1
51364,20220101,2
51364,20220224,2
51364,20220330,2
51364,20220501,2
51364,20220623,2
51364,20220624,2
51364,20220820,2
51364,20211224,2
51364,20211225,2
51364,20211226,2
38057,20220101,2
38057,20220224,2
38057,20220330,2
38057,20220501,2
38057,20220623,2
38057,20220624,2
38057,20220820,2
38057,20211224,2
38057,20211225,2
38057,20211226,2
38118,20220101,1
38118,20220224,1
38118,20220330,1
38118,20220501,1
38118,20220623,1
38118,20220624,1
38118,20220820,1
38118,20211224,1
38118,20211225,1
38118,20211226,1
40230,20220101,2
40230,20220224,2
40230,20220330,2
40230,20220501,2
40230,20220623,2
40230,20220624,2
40230,20220820,2
40230,20211224,2
40230,20211225,2
40230,20211226,2
43604,20220101,2
43604,20220224,2
43604,20220330,2
43604,20220501,2
43604,20220623,2
43604,20220624,2
43604,20220820,2
43604,20211224,2
43604,20211225,2
43604,20211226,2
51371,20220101,1
51371,20220224,1
51371,20220330,1
51371,20220501,1
51371,20220623,1
51371,20220624,1
51371,20220820,1
51371,20211224,1
51371,20211225,1
51371,20211226,1
46239,20220101,2
46239,20220224,2
46239,20220330,2
46239,20220501,2
46239,20220623,2
46239,20220624,2
46239,20220820,2
46239,20211224,2
46239,20211225,2
46239,20211226,2
46237,20220101,2
46237,20220224,2
46237,20220330,2
46237,20220501,2
46237,20220623,2
46237,20220624,2
46237,20220820,2
46237,20211224,2
46237,20211225,2
46237,20211226,2
46238,20220101,1
46238,20220224,1
46238,20220330,1
46238,20220501,1
46238,20220623,1
46238,20220624,1
46238,20220820,1
46238,20211224,1
46238,20211225,1
46238,20211226,1
39512,20220101,2
39512,20220224,2
39512,20220330,2
39512,20220501,2
39512,20220623,2
39512,20220624,2
39512,20220820,2
39512,20211224,2
39512,20211225,2
39512,20211226,2
32141,20220101,2
32141,20220224,2
32141,20220330,2
32141,20220501,2
32141,20220623,2
32141,20220624,2
32141,20220820,2
32141,20211224,2
32141,20211225,2
32141,20211226,2
32142,20220101,1
32142,20220224,1
32142,20220330,1
32142,20220501,1
32142,20220623,1
32142,20220624,1
32142,20220820,1
32142,20211224,1
32142,20211225,1
32142,20211226,1
48990,20220101,2
48990,20220224,2
48990,20220330,2
48990,20220501,2
48990,20220623,2
48990,20220624,2
48990,20220820,2
48990,20211224,2
48990,20211225,2
48990,20211226,2
47733,20220101,2
47733,20220224,2
47733,20220330,2
47733,20220501,2
47733,20220623,2
47733,20220624,2
47733,20220820,2
47733,20211224,2
47733,20211225,2
47733,20211226,2
47734,20220101,1
47734,20220224,1
47734,20220330,1
47734,20220501,1
47734,20220623,1
47734,20220624,1
47734,20220820,1
47734,20211224,1
47734,20211225,1
47734,20211226,1
50738,20220101,2
50738,20220224,2
50738,20220330,2
50738,20220501,2
50738,20220623,2
50738,20220624,2
50738,20220820,2
50738,20211224,2
50738,20211225,2
50738,20211226,2
50989,20220101,2
50989,20220224,2
50989,20220330,2
50989,20220501,2
50989,20220623,2
50989,20220624,2
50989,20220820,2
50989,20211224,2
50989,20211225,2
50989,20211226,2
51355,20220101,1
51355,20220224,1
51355,20220330,1
51355,20220501,1
51355,20220623,1
51355,20220624,1
51355,20220820,1
51355,20211224,1
51355,20211225,1
51355,20211226,1
51067,20220101,2
51067,20220224,2
51067,20220330,2
51067,20220501,2
51067,20220623,2
51067,20220624,2
51067,20220820,2
51067,20211224,2
51067,20211225,2
51067,20211226,2
51722,20220101,2
51722,20220224,2
51722,20220330,2
51722,20220501,2
51722,20220623,2
51722,20220624,2
51722,20220820,2
51722,20211224,2
51722,20211225,2
51722,20211226,2
51725,20220101,1
51725,20220224,1
51725,20220330,1
51725,20220501,1
51725,20220623,1
51725,20220624,1
51725,20220820,1
51725,20211224,1
51725,20211225,1
51725,20211226,1
51066,20220101,2
51066,20220224,2
51066,20220330,2
51066,20220501,2
51066,20220623,2
51066,20220624,2
51066,20220820,2
51066,20211224,2
51066,20211225,2
51066,20211226,2
48228,20220101,2
48228,20220224,2
48228,20220330,2
48228,20220501,2
48228,20220623,2
48228,20220624,2
48228,20220820,2
48228,20211224,2
48228,20211225,2
48228,20211226,2
48110,20220101,1
48110,20220224,1
48110,20220330,1
48110,20220501,1
48110,20220623,1
48110,20220624,1
48110,20220820,1
48110,20211224,1
48110,20211225,1
48110,20211226,1
36222,20220101,2
36222,20220224,2
36222,20220330,2
36222,20220501,2
36222,20220623,2
36222,20220624,2
36222,20220820,2
36222,20211224,2
36222,20211225,2
36222,20211226,2
36182,20220101,2
36182,20220224,2
36182,20220330,2
36182,20220501,2
36182,20220623,2
36182,20220624,2
36182,20220820,2
36182,20211224,2
36182,20211225,2
36182,20211226,2
36190,20220101,1
36190,20220224,1
36190,20220330,1
36190,20220501,1
36190,20220623,1
36190,20220624,1
36190,20220820,1
36190,20211224,1
36190,20211225,1
36190,20211226,1
49702,20220101,2
49702,20220224,2
49702,20220330,2
49702,20220501,2
49702,20220623,2
49702,20220624,2
49702,20220820,2
49702,20211224,2
49702,20211225,2
49702,20211226,2
35512,20220101,2
35512,20220224,2
35512,20220330,2
35512,20220501,2
35512,20220623,2
35512,20220624,2
35512,20220820,2
35512,20211224,2
35512,20211225,2
35512,20211226,2
47145,20220101,2
47145,20220224,2
47145,20220330,2
47145,20220501,2
47145,20220623,2
47145,20220624,2
47145,20220820,2
47145,20211224,2
47145,20211225,2
47145,20211226,2
51442,20220101,2
51442,20220224,2
51442,20220330,2
51442,20220501,2
51442,20220623,2
51442,20220624,2
51442,20220820,2
51442,20211224,2
51442,20211225,2
51442,20211226,2
34328,20220101,2
34328,20220224,2
34328,20220330,2
34328,20220501,2
34328,20220623,2
34328,20220624,2
34328,20220820,2
34328,20211224,2
34328,20211225,2
34328,20211226,2
35337,20220101,2
35337,20220224,2
35337,20220330,2
35337,20220501,2
35337,20220623,2
35337,20220624,2
35337,20220820,2
35337,20211224,2
35337,20211225,2
35337,20211226,2
35338,20220101,1
35338,20220224,1
35338,20220330,1
35338,20220501,1
35338,20220623,1
35338,20220624,1
35338,20220820,1
35338,20211224,1
35338,20211225,1
35338,20211226,1
35806,20220101,2
35806,20220224,2
35806,20220330,2
35806,20220501,2
35806,20220623,2
35806,20220624,2
35806,20220820,2
35806,20211224,2
35806,20211225,2
35806,20211226,2
35850,20220101,2
35850,20220224,2
35850,20220330,2
35850,20220501,2
35850,20220623,2
35850,20220624,2
35850,20220820,2
35850,20211224,2
35850,20211225,2
35850,20211226,2
35860,20220101,1
35860,20220224,1
35860,20220330,1
35860,20220501,1
35860,20220623,1
35860,20220624,1
35860,20220820,1
35860,20211224,1
35860,20211225,1
35860,20211226,1
39498,20220101,2
39498,20220224,2
39498,20220330,2
39498,20220501,2
39498,20220623,2
39498,20220624,2
39498,20220820,2
39498,20211224,2
39498,20211225,2
39498,20211226,2
33924,20220101,2
33924,20220224,2
33924,20220330,2
33924,20220501,2
33924,20220623,2
33924,20220624,2
33924,20220820,2
33924,20211224,2
33924,20211225,2
33924,20211226,2
37834,20220101,1
37834,20220224,1
37834,20220330,1
37834,20220501,1
37834,20220623,1
37834,20220624,1
37834,20220820,1
37834,20211224,1
37834,20211225,1
37834,20211226,1
46716,20220101,2
46716,20220224,2
46716,20220330,2
46716,20220501,2
46716,20220623,2
46716,20220624,2
46716,20220820,2
46716,20211224,2
46716,20211225,2
46716,20211226,2
50603,20220101,2
50603,20220224,2
50603,20220330,2
50603,20220501,2
50603,20220623,2
50603,20220624,2
50603,20220820,2
50603,20211224,2
50603,20211225,2
50603,20211226,2
51395,20220101,2
51395,20220224,2
51395,20220330,2
51395,20220501,2
51395,20220623,2
51395,20220624,2
51395,20220820,2
51395,20211224,2
51395,20211225,2
51395,20211226,2
33200,20220101,2
33200,20220224,2
33200,20220330,2
33200,20220501,2
33200,20220623,2
33200,20220624,2
33200,20220820,2
33200,20211224,2
33200,20211225,2
33200,20211226,2
33201,20220101,1
33201,20220224,1
33201,20220330,1
33201,20220501,1
33201,20220623,1
33201,20220624,1
33201,20220820,1
33201,20211224,1
33201,20211225,1
33201,20211226,1
38292,20220101,2
38292,20220224,2
38292,20220330,2
38292,20220501,2
38292,20220623,2
38292,20220624,2
38292,20220820,2
38292,20211224,2
38292,20211225,2
38292,20211226,2
38352,20220101,2
38352,20220224,2
38352,20220330,2
38352,20220501,2
38352,20220623,2
38352,20220624,2
38352,20220820,2
38352,20211224,2
38352,20211225,2
38352,20211226,2
38466,20220101,1
38466,20220224,1
38466,20220330,1
38466,20220501,1
38466,20220623,1
38466,20220624,1
38466,20220820,1
38466,20211224,1
38466,20211225,1
38466,20211226,1
47631,20220101,2
47631,20220224,2
47631,20220330,2
47631,20220501,2
47631,20220623,2
47631,20220624,2
47631,20220820,2
47631,20211224,2
47631,20211225,2
47631,20211226,2
47622,20220101,2
47622,20220224,2
47622,20220330,2
47622,20220501,2
47622,20220623,2
47622,20220624,2
47622,20220820,2
47622,20211224,2
47622,20211225,2
47622,20211226,2
47630,20220101,1
47630,20220224,1
47630,20220330,1
47630,20220501,1
47630,20220623,1
47630,20220624,1
47630,20220820,1
47630,20211224,1
47630,20211225,1
47630,20211226,1
45758,20220101,2
45758,20220224,2
45758,20220330,2
45758,20220501,2
45758,20220623,2
45758,20220624,2
45758,20220820,2
45758,20211224,2
45758,20211225,2
45758,20211226,2
44087,20220101,1
44087,20220224,1
44087,20220330,1
44087,20220501,1
44087,20220623,1
44087,20220624,1
44087,20220820,1
44087,20211224,1
44087,20211225,1
44087,20211226,1
35341,20220101,2
35341,20220224,2
35341,20220330,2
35341,20220501,2
35341,20220623,2
35341,20220624,2
35341,20220820,2
35341,20211224,2
35341,20211225,2
35341,20211226,2
49794,20220101,2
49794,20220224,2
49794,20220330,2
49794,20220501,2
49794,20220623,2
49794,20220624,2
49794,20220820,2
49794,20211224,2
49794,20211225,2
49794,20211226,2
49931,20220101,1
49931,20220224,1
49931,20220330,1
49931,20220501,1
49931,20220623,1
49931,20220624,1
49931,20220820,1
49931,20211224,1
49931,20211225,1
49931,20211226,1
51232,20220101,2
51232,20220224,2
51232,20220330,2
51232,20220501,2
51232,20220623,2
51232,20220624,2
51232,20220820,2
51232,20211224,2
51232,20211225,2
51232,20211226,2
51235,20220101,2
51235,20220224,2
51235,20220330,2
51235,20220501,2
51235,20220623,2
51235,20220624,2
51235,20220820,2
51235,20211224,2
51235,20211225,2
51235,20211226,2
51237,20220101,1
51237,20220224,1
51237,20220330,1
51237,20220501,1
51237,20220623,1
51237,20220624,1
51237,20220820,1
51237,20211224,1
51237,20211225,1
51237,20211226,1
45824,20220101,2
45824,20220224,2
45824,20220330,2
45824,20220501,2
45824,20220623,2
45824,20220624,2
45824,20220820,2
45824,20211224,2
45824,20211225,2
45824,20211226,2
44591,20220101,2
44591,20220224,2
44591,20220330,2
44591,20220501,2
44591,20220623,2
44591,20220624,2
44591,20220820,2
44591,20211224,2
44591,20211225,2
44591,20211226,2
51393,20220101,1
51393,20220224,1
51393,20220330,1
51393,20220501,1
51393,20220623,1
51393,20220624,1
51393,20220820,1
51393,20211224,1
51393,20211225,1
51393,20211226,1
51708,20220101,2
51708,20220224,2
51708,20220330,2
51708,20220501,2
51708,20220623,2
51708,20220624,2
51708,20220820,2
51708,20211224,2
51708,20211225,2
51708,20211226,2
35666,20220101,2
35666,20220224,2
35666,20220330,2
35666,20220501,2
35666,20220623,2
35666,20220624,2
35666,20220820,2
35666,20211224,2
35666,20211225,2
35666,20211226,2
38598,20220101,2
38598,20220224,2
38598,20220330,2
38598,20220501,2
38598,20220623,2
38598,20220624,2
38598,20220820,2
38598,20211224,2
38598,20211225,2
38598,20211226,2
38604,20220101,1
38604,20220224,1
38604,20220330,1
38604,20220501,1
38604,20220623,1
38604,20220624,1
38604,20220820,1
38604,20211224,1
38604,20211225,1
38604,20211226,1
35668,20220101,2
35668,20220224,2
35668,20220330,2
35668,20220501,2
35668,20220623,2
35668,20220624,2
35668,20220820,2
35668,20211224,2
35668,20211225,2
35668,20211226,2
37133,20220101,2
37133,20220224,2
37133,20220330,2
37133,20220501,2
37133,20220623,2
37133,20220624,2
37133,20220820,2
37133,20211224,2
37133,20211225,2
37133,20211226,2
37143,20220101,1
37143,20220224,1
37143,20220330,1
37143,20220501,1
37143,20220623,1
37143,20220624,1
37143,20220820,1
37143,20211224,1
37143,20211225,1
37143,20211226,1
51064,20220101,2
51064,20220224,2
51064,20220330,2
51064,20220501,2
51064,20220623,2
51064,20220624,2
51064,20220820,2
51064,20211224,2
51064,20211225,2
51064,20211226,2
48031,20220101,2
48031,20220224,2
48031,20220330,2
48031,20220501,2
48031,20220623,2
48031,20220624,2
48031,20220820,2
48031,20211224,2
48031,20211225,2
48031,20211226,2
48030,20220101,1
48030,20220224,1
48030,20220330,1
48030,20220501,1
48030,20220623,1
48030,20220624,1
48030,20220820,1
48030,20211224,1
48030,20211225,1
48030,20211226,1
47690,20220101,2
47690,20220224,2
47690,20220330,2
47690,20220501,2
47690,20220623,2
47690,20220624,2
47690,20220820,2
47690,20211224,2
47690,20211225,2
47690,20211226,2
47700,20220101,2
47700,20220224,2
47700,20220330,2
47700,20220501,2
47700,20220623,2
47700,20220624,2
47700,20220820,2
47700,20211224,2
47700,20211225,2
47700,20211226,2
49774,20220101,1
49774,20220224,1
49774,20220330,1
49774,20220501,1
49774,20220623,1
49774,20220624,1
49774,20220820,1
49774,20211224,1
49774,20211225,1
49774,20211226,1
51430,20220101,2
51430,20220224,2
51430,20220330,2
51430,20220501,2
51430,20220623,2
51430,20220624,2
51430,20220820,2
51430,20211224,2
51430,20211225,2
51430,20211226,2
51431,20220101,2
51431,20220224,2
51431,20220330,2
51431,20220501,2
51431,20220623,2
51431,20220624,2
51431,20220820,2
51431,20211224,2
51431,20211225,2
51431,20211226,2
51432,20220101,2
51432,20220224,2
51432,20220330,2
51432,20220501,2
51432,20220623,2
51432,20220624,2
51432,20220820,2
51432,20211224,2
51432,20211225,2
51432,20211226,2
51429,20220101,2
51429,20220224,2
51429,20220330,2
51429,20220501,2
51429,20220623,2
51429,20220624,2
51429,20220820,2
51429,20211224,2
51429,20211225,2
51429,20211226,2
51433,20220101,2
51433,20220224,2
51433,20220330,2
51433,20220501,2
51433,20220623,2
51433,20220624,2
51433,20220820,2
51433,20211224,2
51433,20211225,2
51433,20211226,2
51434,20220101,2
51434,20220224,2
51434,20220330,2
51434,20220501,2
51434,20220623,2
51434,20220624,2
51434,20220820,2
51434,20211224,2
51434,20211225,2
51434,20211226,2
38180,20220101,2
38180,20220224,2
38180,20220330,2
38180,20220501,2
38180,20220623,2
38180,20220624,2
38180,20220820,2
38180,20211224,2
38180,20211225,2
38180,20211226,2
38181,20220101,2
38181,20220224,2
38181,20220330,2
38181,20220501,2
38181,20220623,2
38181,20220624,2
38181,20220820,2
38181,20211224,2
38181,20211225,2
38181,20211226,2
50595,20220101,2
50595,20220224,2
50595,20220330,2
50595,20220501,2
50595,20220623,2
50595,20220624,2
50595,20220820,2
50595,20211224,2
50595,20211225,2
50595,20211226,2
50598,20220101,2
50598,20220224,2
50598,20220330,2
50598,20220501,2
50598,20220623,2
50598,20220624,2
50598,20220820,2
50598,20211224,2
50598,20211225,2
50598,20211226,2
51815,20220101,2
51815,20220224,2
51815,20220330,2
51815,20220501,2
51815,20220623,2
51815,20220624,2
51815,20220820,2
51815,20211224,2
51815,20211225,2
51815,20211226,2
50613,20220101,2
50613,20220224,2
50613,20220330,2
50613,20220501,2
50613,20220623,2
50613,20220624,2
50613,20220820,2
50613,20211224,2
50613,20211225,2
50613,20211226,2
50597,20220101,2
50597,20220224,2
50597,20220330,2
50597,20220501,2
50597,20220623,2
50597,20220624,2
50597,20220820,2
50597,20211224,2
50597,20211225,2
50597,20211226,2
43708,20220101,2
43708,20220224,2
43708,20220330,2
43708,20220501,2
43708,20220623,2
43708,20220624,2
43708,20220820,2
43708,20211224,2
43708,20211225,2
43708,20211226,2
50623,20220101,2
50623,20220224,2
50623,20220330,2
50623,20220501,2
50623,20220623,2
50623,20220624,2
50623,20220820,2
50623,20211224,2
50623,20211225,2
50623,20211226,2
46054,20220101,2
46054,20220224,2
46054,20220330,2
46054,20220501,2
46054,20220623,2
46054,20220624,2
46054,20220820,2
46054,20211224,2
46054,20211225,2
46054,20211226,2
50703,20220101,2
50703,20220224,2
50703,20220330,2
50703,20220501,2
50703,20220623,2
50703,20220624,2
50703,20220820,2
50703,20211224,2
50703,20211225,2
50703,20211226,2
45540,20220101,2
45540,20220224,2
45540,20220330,2
45540,20220501,2
45540,20220623,2
45540,20220624,2
45540,20220820,2
45540,20211224,2
45540,20211225,2
45540,20211226,2
45632,20220101,2
45632,20220224,2
45632,20220330,2
45632,20220501,2
45632,20220623,2
45632,20220624,2
45632,20220820,2
45632,20211224,2
45632,20211225,2
45632,20211226,2
51061,20220101,2
51061,20220224,2
51061,20220330,2
51061,20220501,2
51061,20220623,2
51061,20220624,2
51061,20220820,2
51061,20211224,2
51061,20211225,2
51061,20211226,2
51186,20220101,1
51186,20220224,1
51186,20220330,1
51186,20220501,1
51186,20220623,1
51186,20220624,1
51186,20220820,1
51186,20211224,1
51186,20211225,1
51186,20211226,1
50535,20220101,2
50535,20220224,2
50535,20220330,2
50535,20220501,2
50535,20220623,2
50535,20220624,2
50535,20220820,2
50535,20211224,2
50535,20211225,2
50535,20211226,2
51682,20220101,2
51682,20220224,2
51682,20220330,2
51682,20220501,2
51682,20220623,2
51682,20220624,2
51682,20220820,2
51682,20211224,2
51682,20211225,2
51682,20211226,2
51684,20220101,2
51684,20220224,2
51684,20220330,2
51684,20220501,2
51684,20220623,2
51684,20220624,2
51684,20220820,2
51684,20211224,2
51684,20211225,2
51684,20211226,2
50530,20220101,2
50530,20220224,2
50530,20220330,2
50530,20220501,2
50530,20220623,2
50530,20220624,2
50530,20220820,2
50530,20211224,2
50530,20211225,2
50530,20211226,2
50536,20220101,2
50536,20220224,2
50536,20220330,2
50536,20220501,2
50536,20220623,2
50536,20220624,2
50536,20220820,2
50536,20211224,2
50536,20211225,2
50536,20211226,2
51224,20220101,2
51224,20220224,2
51224,20220330,2
51224,20220501,2
51224,20220623,2
51224,20220624,2
51224,20220820,2
51224,20211224,2
51224,20211225,2
51224,20211226,2
51203,20220101,2
51203,20220224,2
51203,20220330,2
51203,20220501,2
51203,20220623,2
51203,20220624,2
51203,20220820,2
51203,20211224,2
51203,20211225,2
51203,20211226,2
51204,20220101,2
51204,20220224,2
51204,20220330,2
51204,20220501,2
51204,20220623,2
51204,20220624,2
51204,20220820,2
51204,20211224,2
51204,20211225,2
51204,20211226,2
51205,20220101,1
51205,20220224,1
51205,20220330,1
51205,20220501,1
51205,20220623,1
51205,20220624,1
51205,20220820,1
51205,20211224,1
51205,20211225,1
51205,20211226,1
50538,20220101,2
50538,20220224,2
50538,20220330,2
50538,20220501,2
50538,20220623,2
50538,20220624,2
50538,20220820,2
50538,20211224,2
50538,20211225,2
50538,20211226,2
50539,20220101,2
50539,20220224,2
50539,20220330,2
50539,20220501,2
50539,20220623,2
50539,20220624,2
50539,20220820,2
50539,20211224,2
50539,20211225,2
50539,20211226,2
50540,20220101,2
50540,20220224,2
50540,20220330,2
50540,20220501,2
50540,20220623,2
50540,20220624,2
50540,20220820,2
50540,20211224,2
50540,20211225,2
50540,20211226,2
51679,20220101,2
51679,20220224,2
51679,20220330,2
51679,20220501,2
51679,20220623,2
51679,20220624,2
51679,20220820,2
51679,20211224,2
51679,20211225,2
51679,20211226,2
51680,20220101,2
51680,20220224,2
51680,20220330,2
51680,20220501,2
51680,20220623,2
51680,20220624,2
51680,20220820,2
51680,20211224,2
51680,20211225,2
51680,20211226,2
50533,20220101,2
50533,20220224,2
50533,20220330,2
50533,20220501,2
50533,20220623,2
50533,20220624,2
50533,20220820,2
50533,20211224,2
50533,20211225,2
50533,20211226,2
50534,20220101,2
50534,20220224,2
50534,20220330,2
50534,20220501,2
50534,20220623,2
50534,20220624,2
50534,20220820,2
50534,20211224,2
50534,20211225,2
50534,20211226,2
49994,20220101,2
49994,20220224,2
49994,20220330,2
49994,20220501,2
49994,20220623,2
49994,20220624,2
49994,20220820,2
49994,20211224,2
49994,20211225,2
49994,20211226,2
50001,20220101,2
50001,20220224,2
50001,20220330,2
50001,20220501,2
50001,20220623,2
50001,20220624,2
50001,20220820,2
50001,20211224,2
50001,20211225,2
50001,20211226,2
47547,20220101,2
47547,20220224,2
47547,20220330,2
47547,20220501,2
47547,20220623,2
47547,20220624,2
47547,20220820,2
47547,20211224,2
47547,20211225,2
47547,20211226,2
51282,20220101,2
51282,20220224,2
51282,20220330,2
51282,20220501,2
51282,20220623,2
51282,20220624,2
51282,20220820,2
51282,20211224,2
51282,20211225,2
51282,20211226,2
51288,20220101,2
51288,20220224,2
51288,20220330,2
51288,20220501,2
51288,20220623,2
51288,20220624,2
51288,20220820,2
51288,20211224,2
51288,20211225,2
51288,20211226,2
51283,20220101,2
51283,20220224,2
51283,20220330,2
51283,20220501,2
51283,20220623,2
51283,20220624,2
51283,20220820,2
51283,20211224,2
51283,20211225,2
51283,20211226,2
51287,20220101,2
51287,20220224,2
51287,20220330,2
51287,20220501,2
51287,20220623,2
51287,20220624,2
51287,20220820,2
51287,20211224,2
51287,20211225,2
51287,20211226,2
51284,20220101,2
51284,20220224,2
51284,20220330,2
51284,20220501,2
51284,20220623,2
51284,20220624,2
51284,20220820,2
51284,20211224,2
51284,20211225,2
51284,20211226,2
51289,20220101,2
51289,20220224,2
51289,20220330,2
51289,20220501,2
51289,20220623,2
51289,20220624,2
51289,20220820,2
51289,20211224,2
51289,20211225,2
51289,20211226,2
51285,20220101,2
51285,20220224,2
51285,20220330,2
51285,20220501,2
51285,20220623,2
51285,20220624,2
51285,20220820,2
51285,20211224,2
51285,20211225,2
51285,20211226,2
51369,20220101,2
51369,20220224,2
51369,20220330,2
51369,20220501,2
51369,20220623,2
51369,20220624,2
51369,20220820,2
51369,20211224,2
51369,20211225,2
51369,20211226,2
49995,20220101,2
49995,20220224,2
49995,20220330,2
49995,20220501,2
49995,20220623,2
49995,20220624,2
49995,20220820,2
49995,20211224,2
49995,20211225,2
49995,20211226,2
50939,20220101,2
50939,20220224,2
50939,20220330,2
50939,20220501,2
50939,20220623,2
50939,20220624,2
50939,20220820,2
50939,20211224,2
50939,20211225,2
50939,20211226,2
50940,20220101,1
50940,20220224,1
50940,20220330,1
50940,20220501,1
50940,20220623,1
50940,20220624,1
50940,20220820,1
50940,20211224,1
50940,20211225,1
50940,20211226,1
49996,20220101,2
49996,20220224,2
49996,20220330,2
49996,20220501,2
49996,20220623,2
49996,20220624,2
49996,20220820,2
49996,20211224,2
49996,20211225,2
49996,20211226,2
49997,20220101,2
49997,20220224,2
49997,20220330,2
49997,20220501,2
49997,20220623,2
49997,20220624,2
49997,20220820,2
49997,20211224,2
49997,20211225,2
49997,20211226,2
50941,20220101,2
50941,20220224,2
50941,20220330,2
50941,20220501,2
50941,20220623,2
50941,20220624,2
50941,20220820,2
50941,20211224,2
50941,20211225,2
50941,20211226,2
50942,20220101,2
50942,20220224,2
50942,20220330,2
50942,20220501,2
50942,20220623,2
50942,20220624,2
50942,20220820,2
50942,20211224,2
50942,20211225,2
50942,20211226,2
50943,20220101,1
50943,20220224,1
50943,20220330,1
50943,20220501,1
50943,20220623,1
50943,20220624,1
50943,20220820,1
50943,20211224,1
50943,20211225,1
50943,20211226,1
51367,20220101,2
51367,20220224,2
51367,20220330,2
51367,20220501,2
51367,20220623,2
51367,20220624,2
51367,20220820,2
51367,20211224,2
51367,20211225,2
51367,20211226,2
49999,20220101,2
49999,20220224,2
49999,20220330,2
49999,20220501,2
49999,20220623,2
49999,20220624,2
49999,20220820,2
49999,20211224,2
49999,20211225,2
49999,20211226,2
50000,20220101,2
50000,20220224,2
50000,20220330,2
50000,20220501,2
50000,20220623,2
50000,20220624,2
50000,20220820,2
50000,20211224,2
50000,20211225,2
50000,20211226,2
44634,20220101,2
44634,20220224,2
44634,20220330,2
44634,20220501,2
44634,20220623,2
44634,20220624,2
44634,20220820,2
44634,20211224,2
44634,20211225,2
44634,20211226,2
51251,20220101,2
51251,20220224,2
51251,20220330,2
51251,20220501,2
51251,20220623,2
51251,20220624,2
51251,20220820,2
51251,20211224,2
51251,20211225,2
51251,20211226,2
51250,20220101,2
51250,20220224,2
51250,20220330,2
51250,20220501,2
51250,20220623,2
51250,20220624,2
51250,20220820,2
51250,20211224,2
51250,20211225,2
51250,20211226,2
51193,20220101,2
51193,20220224,2
51193,20220330,2
51193,20220501,2
51193,20220623,2
51193,20220624,2
51193,20220820,2
51193,20211224,2
51193,20211225,2
51193,20211226,2
50675,20220101,2
50675,20220224,2
50675,20220330,2
50675,20220501,2
50675,20220623,2
50675,20220624,2
50675,20220820,2
50675,20211224,2
50675,20211225,2
50675,20211226,2
50678,20220101,2
50678,20220224,2
50678,20220330,2
50678,20220501,2
50678,20220623,2
50678,20220624,2
50678,20220820,2
50678,20211224,2
50678,20211225,2
50678,20211226,2
50682,20220101,2
50682,20220224,2
50682,20220330,2
50682,20220501,2
50682,20220623,2
50682,20220624,2
50682,20220820,2
50682,20211224,2
50682,20211225,2
50682,20211226,2
50683,20220101,2
50683,20220224,2
50683,20220330,2
50683,20220501,2
50683,20220623,2
50683,20220624,2
50683,20220820,2
50683,20211224,2
50683,20211225,2
50683,20211226,2
50685,20220101,2
50685,20220224,2
50685,20220330,2
50685,20220501,2
50685,20220623,2
50685,20220624,2
50685,20220820,2
50685,20211224,2
50685,20211225,2
50685,20211226,2
50684,20220101,2
50684,20220224,2
50684,20220330,2
50684,20220501,2
50684,20220623,2
50684,20220624,2
50684,20220820,2
50684,20211224,2
50684,20211225,2
50684,20211226,2
51231,20220101,2
51231,20220224,2
51231,20220330,2
51231,20220501,2
51231,20220623,2
51231,20220624,2
51231,20220820,2
51231,20211224,2
51231,20211225,2
51231,20211226,2
50680,20220101,2
50680,20220224,2
50680,20220330,2
50680,20220501,2
50680,20220623,2
50680,20220624,2
50680,20220820,2
50680,20211224,2
50680,20211225,2
50680,20211226,2
51230,20220101,2
51230,20220224,2
51230,20220330,2
51230,20220501,2
51230,20220623,2
51230,20220624,2
51230,20220820,2
51230,20211224,2
51230,20211225,2
51230,20211226,2
50676,20220101,2
50676,20220224,2
50676,20220330,2
50676,20220501,2
50676,20220623,2
50676,20220624,2
50676,20220820,2
50676,20211224,2
50676,20211225,2
50676,20211226,2
50677,20220101,2
50677,20220224,2
50677,20220330,2
50677,20220501,2
50677,20220623,2
50677,20220624,2
50677,20220820,2
50677,20211224,2
50677,20211225,2
50677,20211226,2
51252,20220101,2
51252,20220224,2
51252,20220330,2
51252,20220501,2
51252,20220623,2
51252,20220624,2
51252,20220820,2
51252,20211224,2
51252,20211225,2
51252,20211226,2
51276,20220101,2
51276,20220224,2
51276,20220330,2
51276,20220501,2
51276,20220623,2
51276,20220624,2
51276,20220820,2
51276,20211224,2
51276,20211225,2
51276,20211226,2
51277,20220101,2
51277,20220224,2
51277,20220330,2
51277,20220501,2
51277,20220623,2
51277,20220624,2
51277,20220820,2
51277,20211224,2
51277,20211225,2
51277,20211226,2
51253,20220101,2
51253,20220224,2
51253,20220330,2
51253,20220501,2
51253,20220623,2
51253,20220624,2
51253,20220820,2
51253,20211224,2
51253,20211225,2
51253,20211226,2
51254,20220101,2
51254,20220224,2
51254,20220330,2
51254,20220501,2
51254,20220623,2
51254,20220624,2
51254,20220820,2
51254,20211224,2
51254,20211225,2
51254,20211226,2
51255,20220101,2
51255,20220224,2
51255,20220330,2
51255,20220501,2
51255,20220623,2
51255,20220624,2
51255,20220820,2
51255,20211224,2
51255,20211225,2
51255,20211226,2
51256,20220101,2
51256,20220224,2
51256,20220330,2
51256,20220501,2
51256,20220623,2
51256,20220624,2
51256,20220820,2
51256,20211224,2
51256,20211225,2
51256,20211226,2
51257,20220101,2
51257,20220224,2
51257,20220330,2
51257,20220501,2
51257,20220623,2
51257,20220624,2
51257,20220820,2
51257,20211224,2
51257,20211225,2
51257,20211226,2
51258,20220101,2
51258,20220224,2
51258,20220330,2
51258,20220501,2
51258,20220623,2
51258,20220624,2
51258,20220820,2
51258,20211224,2
51258,20211225,2
51258,20211226,2
51259,20220101,2
51259,20220224,2
51259,20220330,2
51259,20220501,2
51259,20220623,2
51259,20220624,2
51259,20220820,2
51259,20211224,2
51259,20211225,2
51259,20211226,2
51260,20220101,2
51260,20220224,2
51260,20220330,2
51260,20220501,2
51260,20220623,2
51260,20220624,2
51260,20220820,2
51260,20211224,2
51260,20211225,2
51260,20211226,2
47597,20220101,2
47597,20220224,2
47597,20220330,2
47597,20220501,2
47597,20220623,2
47597,20220624,2
47597,20220820,2
47597,20211224,2
47597,20211225,2
47597,20211226,2
50690,20220101,2
50690,20220224,2
50690,20220330,2
50690,20220501,2
50690,20220623,2
50690,20220624,2
50690,20220820,2
50690,20211224,2
50690,20211225,2
50690,20211226,2
51272,20220101,2
51272,20220224,2
51272,20220330,2
51272,20220501,2
51272,20220623,2
51272,20220624,2
51272,20220820,2
51272,20211224,2
51272,20211225,2
51272,20211226,2
51273,20220101,2
51273,20220224,2
51273,20220330,2
51273,20220501,2
51273,20220623,2
51273,20220624,2
51273,20220820,2
51273,20211224,2
51273,20211225,2
51273,20211226,2
51274,20220101,2
51274,20220224,2
51274,20220330,2
51274,20220501,2
51274,20220623,2
51274,20220624,2
51274,20220820,2
51274,20211224,2
51274,20211225,2
51274,20211226,2
51275,20220101,2
51275,20220224,2
51275,20220330,2
51275,20220501,2
51275,20220623,2
51275,20220624,2
51275,20220820,2
51275,20211224,2
51275,20211225,2
51275,20211226,2
51265,20220101,2
51265,20220224,2
51265,20220330,2
51265,20220501,2
51265,20220623,2
51265,20220624,2
51265,20220820,2
51265,20211224,2
51265,20211225,2
51265,20211226,2
51266,20220101,2
51266,20220224,2
51266,20220330,2
51266,20220501,2
51266,20220623,2
51266,20220624,2
51266,20220820,2
51266,20211224,2
51266,20211225,2
51266,20211226,2
51267,20220101,2
51267,20220224,2
51267,20220330,2
51267,20220501,2
51267,20220623,2
51267,20220624,2
51267,20220820,2
51267,20211224,2
51267,20211225,2
51267,20211226,2
51268,20220101,2
51268,20220224,2
51268,20220330,2
51268,20220501,2
51268,20220623,2
51268,20220624,2
51268,20220820,2
51268,20211224,2
51268,20211225,2
51268,20211226,2
51269,20220101,2
51269,20220224,2
51269,20220330,2
51269,20220501,2
51269,20220623,2
51269,20220624,2
51269,20220820,2
51269,20211224,2
51269,20211225,2
51269,20211226,2
51270,20220101,2
51270,20220224,2
51270,20220330,2
51270,20220501,2
51270,20220623,2
51270,20220624,2
51270,20220820,2
51270,20211224,2
51270,20211225,2
51270,20211226,2
44688,20220101,2
44688,20220224,2
44688,20220330,2
44688,20220501,2
44688,20220623,2
44688,20220624,2
44688,20220820,2
44688,20211224,2
44688,20211225,2
44688,20211226,2
51271,20220101,2
51271,20220224,2
51271,20220330,2
51271,20220501,2
51271,20220623,2
51271,20220624,2
51271,20220820,2
51271,20211224,2
51271,20211225,2
51271,20211226,2
50569,20220101,2
50569,20220224,2
50569,20220330,2
50569,20220501,2
50569,20220623,2
50569,20220624,2
50569,20220820,2
50569,20211224,2
50569,20211225,2
50569,20211226,2
50570,20220101,2
50570,20220224,2
50570,20220330,2
50570,20220501,2
50570,20220623,2
50570,20220624,2
50570,20220820,2
50570,20211224,2
50570,20211225,2
50570,20211226,2
50572,20220101,1
50572,20220224,1
50572,20220330,1
50572,20220501,1
50572,20220623,1
50572,20220624,1
50572,20220820,1
50572,20211224,1
50572,20211225,1
50572,20211226,1
44140,20220101,2
44140,20220224,2
44140,20220330,2
44140,20220501,2
44140,20220623,2
44140,20220624,2
44140,20220820,2
44140,20211224,2
44140,20211225,2
44140,20211226,2
50605,20220101,2
50605,20220224,2
50605,20220330,2
50605,20220501,2
50605,20220623,2
50605,20220624,2
50605,20220820,2
50605,20211224,2
50605,20211225,2
50605,20211226,2
50604,20220101,1
50604,20220224,1
50604,20220330,1
50604,20220501,1
50604,20220623,1
50604,20220624,1
50604,20220820,1
50604,20211224,1
50604,20211225,1
50604,20211226,1
44403,20220101,2
44403,20220224,2
44403,20220330,2
44403,20220501,2
44403,20220623,2
44403,20220624,2
44403,20220820,2
44403,20211224,2
44403,20211225,2
44403,20211226,2
44130,20220101,2
44130,20220224,2
44130,20220330,2
44130,20220501,2
44130,20220623,2
44130,20220624,2
44130,20220820,2
44130,20211224,2
44130,20211225,2
44130,20211226,2
44135,20220101,1
44135,20220224,1
44135,20220330,1
44135,20220501,1
44135,20220623,1
44135,20220624,1
44135,20220820,1
44135,20211224,1
44135,20211225,1
44135,20211226,1
41038,20220101,2
41038,20220224,2
41038,20220330,2
41038,20220501,2
41038,20220623,2
41038,20220624,2
41038,20220820,2
41038,20211224,2
41038,20211225,2
41038,20211226,2
50610,20220101,2
50610,20220224,2
50610,20220330,2
50610,20220501,2
50610,20220623,2
50610,20220624,2
50610,20220820,2
50610,20211224,2
50610,20211225,2
50610,20211226,2
50611,20220101,2
50611,20220224,2
50611,20220330,2
50611,20220501,2
50611,20220623,2
50611,20220624,2
50611,20220820,2
50611,20211224,2
50611,20211225,2
50611,20211226,2
50573,20220101,2
50573,20220224,2
50573,20220330,2
50573,20220501,2
50573,20220623,2
50573,20220624,2
50573,20220820,2
50573,20211224,2
50573,20211225,2
50573,20211226,2
50574,20220101,1
50574,20220224,1
50574,20220330,1
50574,20220501,1
50574,20220623,1
50574,20220624,1
50574,20220820,1
50574,20211224,1
50574,20211225,1
50574,20211226,1
50626,20220101,2
50626,20220224,2
50626,20220330,2
50626,20220501,2
50626,20220623,2
50626,20220624,2
50626,20220820,2
50626,20211224,2
50626,20211225,2
50626,20211226,2
50627,20220101,2
50627,20220224,2
50627,20220330,2
50627,20220501,2
50627,20220623,2
50627,20220624,2
50627,20220820,2
50627,20211224,2
50627,20211225,2
50627,20211226,2
44132,20220101,2
44132,20220224,2
44132,20220330,2
44132,20220501,2
44132,20220623,2
44132,20220624,2
44132,20220820,2
44132,20211224,2
44132,20211225,2
44132,20211226,2
44137,20220101,1
44137,20220224,1
44137,20220330,1
44137,20220501,1
44137,20220623,1
44137,20220624,1
44137,20220820,1
44137,20211224,1
44137,20211225,1
44137,20211226,1
50634,20220101,2
50634,20220224,2
50634,20220330,2
50634,20220501,2
50634,20220623,2
50634,20220624,2
50634,20220820,2
50634,20211224,2
50634,20211225,2
50634,20211226,2
44125,20220101,2
44125,20220224,2
44125,20220330,2
44125,20220501,2
44125,20220623,2
44125,20220624,2
44125,20220820,2
44125,20211224,2
44125,20211225,2
44125,20211226,2
44126,20220101,2
44126,20220224,2
44126,20220330,2
44126,20220501,2
44126,20220623,2
44126,20220624,2
44126,20220820,2
44126,20211224,2
44126,20211225,2
44126,20211226,2
44138,20220101,1
44138,20220224,1
44138,20220330,1
44138,20220501,1
44138,20220623,1
44138,20220624,1
44138,20220820,1
44138,20211224,1
44138,20211225,1
44138,20211226,1
44133,20220101,2
44133,20220224,2
44133,20220330,2
44133,20220501,2
44133,20220623,2
44133,20220624,2
44133,20220820,2
44133,20211224,2
44133,20211225,2
44133,20211226,2
51248,20220101,2
51248,20220224,2
51248,20220330,2
51248,20220501,2
51248,20220623,2
51248,20220624,2
51248,20220820,2
51248,20211224,2
51248,20211225,2
51248,20211226,2
51249,20220101,2
51249,20220224,2
51249,20220330,2
51249,20220501,2
51249,20220623,2
51249,20220624,2
51249,20220820,2
51249,20211224,2
51249,20211225,2
51249,20211226,2
51261,20220101,2
51261,20220224,2
51261,20220330,2
51261,20220501,2
51261,20220623,2
51261,20220624,2
51261,20220820,2
51261,20211224,2
51261,20211225,2
51261,20211226,2
51262,20220101,2
51262,20220224,2
51262,20220330,2
51262,20220501,2
51262,20220623,2
51262,20220624,2
51262,20220820,2
51262,20211224,2
51262,20211225,2
51262,20211226,2
51263,20220101,2
51263,20220224,2
51263,20220330,2
51263,20220501,2
51263,20220623,2
51263,20220624,2
51263,20220820,2
51263,20211224,2
51263,20211225,2
51263,20211226,2
51264,20220101,2
51264,20220224,2
51264,20220330,2
51264,20220501,2
51264,20220623,2
51264,20220624,2
51264,20220820,2
51264,20211224,2
51264,20211225,2
51264,20211226,2
47600,20220101,2
47600,20220224,2
47600,20220330,2
47600,20220501,2
47600,20220623,2
47600,20220624,2
47600,20220820,2
47600,20211224,2
47600,20211225,2
47600,20211226,2
47606,20220101,1
47606,20220224,1
47606,20220330,1
47606,20220501,1
47606,20220623,1
47606,20220624,1
47606,20220820,1
47606,20211224,1
47606,20211225,1
47606,20211226,1
47570,20220101,2
47570,20220224,2
47570,20220330,2
47570,20220501,2
47570,20220623,2
47570,20220624,2
47570,20220820,2
47570,20211224,2
47570,20211225,2
47570,20211226,2
47571,20220101,1
47571,20220224,1
47571,20220330,1
47571,20220501,1
47571,20220623,1
47571,20220624,1
47571,20220820,1
47571,20211224,1
47571,20211225,1
47571,20211226,1
47602,20220101,2
47602,20220224,2
47602,20220330,2
47602,20220501,2
47602,20220623,2
47602,20220624,2
47602,20220820,2
47602,20211224,2
47602,20211225,2
47602,20211226,2
47607,20220101,1
47607,20220224,1
47607,20220330,1
47607,20220501,1
47607,20220623,1
47607,20220624,1
47607,20220820,1
47607,20211224,1
47607,20211225,1
47607,20211226,1
47603,20220101,2
47603,20220224,2
47603,20220330,2
47603,20220501,2
47603,20220623,2
47603,20220624,2
47603,20220820,2
47603,20211224,2
47603,20211225,2
47603,20211226,2
47608,20220101,1
47608,20220224,1
47608,20220330,1
47608,20220501,1
47608,20220623,1
47608,20220624,1
47608,20220820,1
47608,20211224,1
47608,20211225,1
47608,20211226,1
51220,20220101,2
51220,20220224,2
51220,20220330,2
51220,20220501,2
51220,20220623,2
51220,20220624,2
51220,20220820,2
51220,20211224,2
51220,20211225,2
51220,20211226,2
51210,20220101,1
51210,20220224,1
51210,20220330,1
51210,20220501,1
51210,20220623,1
51210,20220624,1
51210,20220820,1
51210,20211224,1
51210,20211225,1
51210,20211226,1
51211,20220101,2
51211,20220224,2
51211,20220330,2
51211,20220501,2
51211,20220623,2
51211,20220624,2
51211,20220820,2
51211,20211224,2
51211,20211225,2
51211,20211226,2
51212,20220101,2
51212,20220224,2
51212,20220330,2
51212,20220501,2
51212,20220623,2
51212,20220624,2
51212,20220820,2
51212,20211224,2
51212,20211225,2
51212,20211226,2
51213,20220101,1
51213,20220224,1
51213,20220330,1
51213,20220501,1
51213,20220623,1
51213,20220624,1
51213,20220820,1
51213,20211224,1
51213,20211225,1
51213,20211226,1
50944,20220101,2
50944,20220224,2
50944,20220330,2
50944,20220501,2
50944,20220623,2
50944,20220624,2
50944,20220820,2
50944,20211224,2
50944,20211225,2
50944,20211226,2
50945,20220101,1
50945,20220224,1
50945,20220330,1
50945,20220501,1
50945,20220623,1
50945,20220624,1
50945,20220820,1
50945,20211224,1
50945,20211225,1
50945,20211226,1
51214,20220101,2
51214,20220224,2
51214,20220330,2
51214,20220501,2
51214,20220623,2
51214,20220624,2
51214,20220820,2
51214,20211224,2
51214,20211225,2
51214,20211226,2
51215,20220101,1
51215,20220224,1
51215,20220330,1
51215,20220501,1
51215,20220623,1
51215,20220624,1
51215,20220820,1
51215,20211224,1
51215,20211225,1
51215,20211226,1
51216,20220101,2
51216,20220224,2
51216,20220330,2
51216,20220501,2
51216,20220623,2
51216,20220624,2
51216,20220820,2
51216,20211224,2
51216,20211225,2
51216,20211226,2
50729,20220101,1
50729,20220224,1
50729,20220330,1
50729,20220501,1
50729,20220623,1
50729,20220624,1
50729,20220820,1
50729,20211224,1
50729,20211225,1
50729,20211226,1
51206,20220101,2
51206,20220224,2
51206,20220330,2
51206,20220501,2
51206,20220623,2
51206,20220624,2
51206,20220820,2
51206,20211224,2
51206,20211225,2
51206,20211226,2
51218,20220101,2
51218,20220224,2
51218,20220330,2
51218,20220501,2
51218,20220623,2
51218,20220624,2
51218,20220820,2
51218,20211224,2
51218,20211225,2
51218,20211226,2
50730,20220101,1
50730,20220224,1
50730,20220330,1
50730,20220501,1
50730,20220623,1
50730,20220624,1
50730,20220820,1
50730,20211224,1
50730,20211225,1
50730,20211226,1
50916,20220101,2
50916,20220224,2
50916,20220330,2
50916,20220501,2
50916,20220623,2
50916,20220624,2
50916,20220820,2
50916,20211224,2
50916,20211225,2
50916,20211226,2
51079,20220101,2
51079,20220224,2
51079,20220330,2
51079,20220501,2
51079,20220623,2
51079,20220624,2
51079,20220820,2
51079,20211224,2
51079,20211225,2
51079,20211226,2
51128,20220101,1
51128,20220224,1
51128,20220330,1
51128,20220501,1
51128,20220623,1
51128,20220624,1
51128,20220820,1
51128,20211224,1
51128,20211225,1
51128,20211226,1
50917,20220101,2
50917,20220224,2
50917,20220330,2
50917,20220501,2
50917,20220623,2
50917,20220624,2
50917,20220820,2
50917,20211224,2
50917,20211225,2
50917,20211226,2
51223,20220101,2
51223,20220224,2
51223,20220330,2
51223,20220501,2
51223,20220623,2
51223,20220624,2
51223,20220820,2
51223,20211224,2
51223,20211225,2
51223,20211226,2
51238,20220101,1
51238,20220224,1
51238,20220330,1
51238,20220501,1
51238,20220623,1
51238,20220624,1
51238,20220820,1
51238,20211224,1
51238,20211225,1
51238,20211226,1
50892,20220101,2
50892,20220224,2
50892,20220330,2
50892,20220501,2
50892,20220623,2
50892,20220624,2
50892,20220820,2
50892,20211224,2
50892,20211225,2
50892,20211226,2
50891,20220101,1
50891,20220224,1
50891,20220330,1
50891,20220501,1
50891,20220623,1
50891,20220624,1
50891,20220820,1
50891,20211224,1
50891,20211225,1
50891,20211226,1
50918,20220101,2
50918,20220224,2
50918,20220330,2
50918,20220501,2
50918,20220623,2
50918,20220624,2
50918,20220820,2
50918,20211224,2
50918,20211225,2
50918,20211226,2
50919,20220101,1
50919,20220224,1
50919,20220330,1
50919,20220501,1
50919,20220623,1
50919,20220624,1
50919,20220820,1
50919,20211224,1
50919,20211225,1
50919,20211226,1
51339,20220101,2
51339,20220224,2
51339,20220330,2
51339,20220501,2
51339,20220623,2
51339,20220624,2
51339,20220820,2
51339,20211224,2
51339,20211225,2
51339,20211226,2
51340,20220101,1
51340,20220224,1
51340,20220330,1
51340,20220501,1
51340,20220623,1
51340,20220624,1
51340,20220820,1
51340,20211224,1
51340,20211225,1
51340,20211226,1
51173,20220101,2
51173,20220224,2
51173,20220330,2
51173,20220501,2
51173,20220623,2
51173,20220624,2
51173,20220820,2
51173,20211224,2
51173,20211225,2
51173,20211226,2
51080,20220101,2
51080,20220224,2
51080,20220330,2
51080,20220501,2
51080,20220623,2
51080,20220624,2
51080,20220820,2
51080,20211224,2
51080,20211225,2
51080,20211226,2
51087,20220101,1
51087,20220224,1
51087,20220330,1
51087,20220501,1
51087,20220623,1
51087,20220624,1
51087,20220820,1
51087,20211224,1
51087,20211225,1
51087,20211226,1
51106,20220101,2
51106,20220224,2
51106,20220330,2
51106,20220501,2
51106,20220623,2
51106,20220624,2
51106,20220820,2
51106,20211224,2
51106,20211225,2
51106,20211226,2
51109,20220101,1
51109,20220224,1
51109,20220330,1
51109,20220501,1
51109,20220623,1
51109,20220624,1
51109,20220820,1
51109,20211224,1
51109,20211225,1
51109,20211226,1
51303,20220101,2
51303,20220224,2
51303,20220330,2
51303,20220501,2
51303,20220623,2
51303,20220624,2
51303,20220820,2
51303,20211224,2
51303,20211225,2
51303,20211226,2
51304,20220101,1
51304,20220224,1
51304,20220330,1
51304,20220501,1
51304,20220623,1
51304,20220624,1
51304,20220820,1
51304,20211224,1
51304,20211225,1
51304,20211226,1
51333,20220101,2
51333,20220224,2
51333,20220330,2
51333,20220501,2
51333,20220623,2
51333,20220624,2
51333,20220820,2
51333,20211224,2
51333,20211225,2
51333,20211226,2
51336,20220101,1
51336,20220224,1
51336,20220330,1
51336,20220501,1
51336,20220623,1
51336,20220624,1
51336,20220820,1
51336,20211224,1
51336,20211225,1
51336,20211226,1
51337,20220101,2
51337,20220224,2
51337,20220330,2
51337,20220501,2
51337,20220623,2
51337,20220624,2
51337,20220820,2
51337,20211224,2
51337,20211225,2
51337,20211226,2
51338,20220101,1
51338,20220224,1
51338,20220330,1
51338,20220501,1
51338,20220623,1
51338,20220624,1
51338,20220820,1
51338,20211224,1
51338,20211225,1
51338,20211226,1
51170,20220101,2
51170,20220224,2
51170,20220330,2
51170,20220501,2
51170,20220623,2
51170,20220624,2
51170,20220820,2
51170,20211224,2
51170,20211225,2
51170,20211226,2
51172,20220101,2
51172,20220224,2
51172,20220330,2
51172,20220501,2
51172,20220623,2
51172,20220624,2
51172,20220820,2
51172,20211224,2
51172,20211225,2
51172,20211226,2
51084,20220101,2
51084,20220224,2
51084,20220330,2
51084,20220501,2
51084,20220623,2
51084,20220624,2
51084,20220820,2
51084,20211224,2
51084,20211225,2
51084,20211226,2
51129,20220101,1
51129,20220224,1
51129,20220330,1
51129,20220501,1
51129,20220623,1
51129,20220624,1
51129,20220820,1
51129,20211224,1
51129,20211225,1
51129,20211226,1
51085,20220101,2
51085,20220224,2
51085,20220330,2
51085,20220501,2
51085,20220623,2
51085,20220624,2
51085,20220820,2
51085,20211224,2
51085,20211225,2
51085,20211226,2
51130,20220101,1
51130,20220224,1
51130,20220330,1
51130,20220501,1
51130,20220623,1
51130,20220624,1
51130,20220820,1
51130,20211224,1
51130,20211225,1
51130,20211226,1
46492,20220101,2
46492,20220224,2
46492,20220330,2
46492,20220501,2
46492,20220623,2
46492,20220624,2
46492,20220820,2
46492,20211224,2
46492,20211225,2
46492,20211226,2
46493,20220101,1
46493,20220224,1
46493,20220330,1
46493,20220501,1
46493,20220623,1
46493,20220624,1
46493,20220820,1
46493,20211224,1
46493,20211225,1
46493,20211226,1
50946,20220101,2
50946,20220224,2
50946,20220330,2
50946,20220501,2
50946,20220623,2
50946,20220624,2
50946,20220820,2
50946,20211224,2
50946,20211225,2
50946,20211226,2
50947,20220101,1
50947,20220224,1
50947,20220330,1
50947,20220501,1
50947,20220623,1
50947,20220624,1
50947,20220820,1
50947,20211224,1
50947,20211225,1
50947,20211226,1
50948,20220101,2
50948,20220224,2
50948,20220330,2
50948,20220501,2
50948,20220623,2
50948,20220624,2
50948,20220820,2
50948,20211224,2
50948,20211225,2
50948,20211226,2
50949,20220101,1
50949,20220224,1
50949,20220330,1
50949,20220501,1
50949,20220623,1
50949,20220624,1
50949,20220820,1
50949,20211224,1
50949,20211225,1
50949,20211226,1
50950,20220101,2
50950,20220224,2
50950,20220330,2
50950,20220501,2
50950,20220623,2
50950,20220624,2
50950,20220820,2
50950,20211224,2
50950,20211225,2
50950,20211226,2
50951,20220101,1
50951,20220224,1
50951,20220330,1
50951,20220501,1
50951,20220623,1
50951,20220624,1
50951,20220820,1
50951,20211224,1
50951,20211225,1
50951,20211226,1
51086,20220101,2
51086,20220224,2
51086,20220330,2
51086,20220501,2
51086,20220623,2
51086,20220624,2
51086,20220820,2
51086,20211224,2
51086,20211225,2
51086,20211226,2
51134,20220101,1
51134,20220224,1
51134,20220330,1
51134,20220501,1
51134,20220623,1
51134,20220624,1
51134,20220820,1
51134,20211224,1
51134,20211225,1
51134,20211226,1
50920,20220101,2
50920,20220224,2
50920,20220330,2
50920,20220501,2
50920,20220623,2
50920,20220624,2
50920,20220820,2
50920,20211224,2
50920,20211225,2
50920,20211226,2
51146,20220101,2
51146,20220224,2
51146,20220330,2
51146,20220501,2
51146,20220623,2
51146,20220624,2
51146,20220820,2
51146,20211224,2
51146,20211225,2
51146,20211226,2
50894,20220101,1
50894,20220224,1
50894,20220330,1
50894,20220501,1
50894,20220623,1
50894,20220624,1
50894,20220820,1
50894,20211224,1
50894,20211225,1
50894,20211226,1
50952,20220101,2
50952,20220224,2
50952,20220330,2
50952,20220501,2
50952,20220623,2
50952,20220624,2
50952,20220820,2
50952,20211224,2
50952,20211225,2
50952,20211226,2
50953,20220101,1
50953,20220224,1
50953,20220330,1
50953,20220501,1
50953,20220623,1
50953,20220624,1
50953,20220820,1
50953,20211224,1
50953,20211225,1
50953,20211226,1
50955,20220101,2
50955,20220224,2
50955,20220330,2
50955,20220501,2
50955,20220623,2
50955,20220624,2
50955,20220820,2
50955,20211224,2
50955,20211225,2
50955,20211226,2
50921,20220101,2
50921,20220224,2
50921,20220330,2
50921,20220501,2
50921,20220623,2
50921,20220624,2
50921,20220820,2
50921,20211224,2
50921,20211225,2
50921,20211226,2
50922,20220101,2
50922,20220224,2
50922,20220330,2
50922,20220501,2
50922,20220623,2
50922,20220624,2
50922,20220820,2
50922,20211224,2
50922,20211225,2
50922,20211226,2
50923,20220101,1
50923,20220224,1
50923,20220330,1
50923,20220501,1
50923,20220623,1
50923,20220624,1
50923,20220820,1
50923,20211224,1
50923,20211225,1
50923,20211226,1
51093,20220101,2
51093,20220224,2
51093,20220330,2
51093,20220501,2
51093,20220623,2
51093,20220624,2
51093,20220820,2
51093,20211224,2
51093,20211225,2
51093,20211226,2
51094,20220101,1
51094,20220224,1
51094,20220330,1
51094,20220501,1
51094,20220623,1
51094,20220624,1
51094,20220820,1
51094,20211224,1
51094,20211225,1
51094,20211226,1
51095,20220101,2
51095,20220224,2
51095,20220330,2
51095,20220501,2
51095,20220623,2
51095,20220624,2
51095,20220820,2
51095,20211224,2
51095,20211225,2
51095,20211226,2
51096,20220101,1
51096,20220224,1
51096,20220330,1
51096,20220501,1
51096,20220623,1
51096,20220624,1
51096,20220820,1
51096,20211224,1
51096,20211225,1
51096,20211226,1
50631,20220101,2
50631,20220224,2
50631,20220330,2
50631,20220501,2
50631,20220623,2
50631,20220624,2
50631,20220820,2
50631,20211224,2
50631,20211225,2
50631,20211226,2
51029,20220101,1
51029,20220224,1
51029,20220330,1
51029,20220501,1
51029,20220623,1
51029,20220624,1
51029,20220820,1
51029,20211224,1
51029,20211225,1
51029,20211226,1
50956,20220101,2
50956,20220224,2
50956,20220330,2
50956,20220501,2
50956,20220623,2
50956,20220624,2
50956,20220820,2
50956,20211224,2
50956,20211225,2
50956,20211226,2
50957,20220101,1
50957,20220224,1
50957,20220330,1
50957,20220501,1
50957,20220623,1
50957,20220624,1
50957,20220820,1
50957,20211224,1
50957,20211225,1
50957,20211226,1
50958,20220101,2
50958,20220224,2
50958,20220330,2
50958,20220501,2
50958,20220623,2
50958,20220624,2
50958,20220820,2
50958,20211224,2
50958,20211225,2
50958,20211226,2
50959,20220101,2
50959,20220224,2
50959,20220330,2
50959,20220501,2
50959,20220623,2
50959,20220624,2
50959,20220820,2
50959,20211224,2
50959,20211225,2
50959,20211226,2
50960,20220101,1
50960,20220224,1
50960,20220330,1
50960,20220501,1
50960,20220623,1
50960,20220624,1
50960,20220820,1
50960,20211224,1
50960,20211225,1
50960,20211226,1
50961,20220101,2
50961,20220224,2
50961,20220330,2
50961,20220501,2
50961,20220623,2
50961,20220624,2
50961,20220820,2
50961,20211224,2
50961,20211225,2
50961,20211226,2
50963,20220101,1
50963,20220224,1
50963,20220330,1
50963,20220501,1
50963,20220623,1
50963,20220624,1
50963,20220820,1
50963,20211224,1
50963,20211225,1
50963,20211226,1
50101,20220101,2
50101,20220224,2
50101,20220330,2
50101,20220501,2
50101,20220623,2
50101,20220624,2
50101,20220820,2
50101,20211224,2
50101,20211225,2
50101,20211226,2
50964,20220101,2
50964,20220224,2
50964,20220330,2
50964,20220501,2
50964,20220623,2
50964,20220624,2
50964,20220820,2
50964,20211224,2
50964,20211225,2
50964,20211226,2
50965,20220101,1
50965,20220224,1
50965,20220330,1
50965,20220501,1
50965,20220623,1
50965,20220624,1
50965,20220820,1
50965,20211224,1
50965,20211225,1
50965,20211226,1
50967,20220101,2
50967,20220224,2
50967,20220330,2
50967,20220501,2
50967,20220623,2
50967,20220624,2
50967,20220820,2
50967,20211224,2
50967,20211225,2
50967,20211226,2
50968,20220101,1
50968,20220224,1
50968,20220330,1
50968,20220501,1
50968,20220623,1
50968,20220624,1
50968,20220820,1
50968,20211224,1
50968,20211225,1
50968,20211226,1
50969,20220101,2
50969,20220224,2
50969,20220330,2
50969,20220501,2
50969,20220623,2
50969,20220624,2
50969,20220820,2
50969,20211224,2
50969,20211225,2
50969,20211226,2
50970,20220101,1
50970,20220224,1
50970,20220330,1
50970,20220501,1
50970,20220623,1
50970,20220624,1
50970,20220820,1
50970,20211224,1
50970,20211225,1
50970,20211226,1
50971,20220101,2
50971,20220224,2
50971,20220330,2
50971,20220501,2
50971,20220623,2
50971,20220624,2
50971,20220820,2
50971,20211224,2
50971,20211225,2
50971,20211226,2
50972,20220101,1
50972,20220224,1
50972,20220330,1
50972,20220501,1
50972,20220623,1
50972,20220624,1
50972,20220820,1
50972,20211224,1
50972,20211225,1
50972,20211226,1
50924,20220101,2
50924,20220224,2
50924,20220330,2
50924,20220501,2
50924,20220623,2
50924,20220624,2
50924,20220820,2
50924,20211224,2
50924,20211225,2
50924,20211226,2
51100,20220101,2
51100,20220224,2
51100,20220330,2
51100,20220501,2
51100,20220623,2
51100,20220624,2
51100,20220820,2
51100,20211224,2
51100,20211225,2
51100,20211226,2
50973,20220101,2
50973,20220224,2
50973,20220330,2
50973,20220501,2
50973,20220623,2
50973,20220624,2
50973,20220820,2
50973,20211224,2
50973,20211225,2
50973,20211226,2
50974,20220101,1
50974,20220224,1
50974,20220330,1
50974,20220501,1
50974,20220623,1
50974,20220624,1
50974,20220820,1
50974,20211224,1
50974,20211225,1
50974,20211226,1
50931,20220101,2
50931,20220224,2
50931,20220330,2
50931,20220501,2
50931,20220623,2
50931,20220624,2
50931,20220820,2
50931,20211224,2
50931,20211225,2
50931,20211226,2
50932,20220101,1
50932,20220224,1
50932,20220330,1
50932,20220501,1
50932,20220623,1
50932,20220624,1
50932,20220820,1
50932,20211224,1
50932,20211225,1
50932,20211226,1
50977,20220101,2
50977,20220224,2
50977,20220330,2
50977,20220501,2
50977,20220623,2
50977,20220624,2
50977,20220820,2
50977,20211224,2
50977,20211225,2
50977,20211226,2
50978,20220101,1
50978,20220224,1
50978,20220330,1
50978,20220501,1
50978,20220623,1
50978,20220624,1
50978,20220820,1
50978,20211224,1
50978,20211225,1
50978,20211226,1
50979,20220101,2
50979,20220224,2
50979,20220330,2
50979,20220501,2
50979,20220623,2
50979,20220624,2
50979,20220820,2
50979,20211224,2
50979,20211225,2
50979,20211226,2
51174,20220101,2
51174,20220224,2
51174,20220330,2
51174,20220501,2
51174,20220623,2
51174,20220624,2
51174,20220820,2
51174,20211224,2
51174,20211225,2
51174,20211226,2
51175,20220101,1
51175,20220224,1
51175,20220330,1
51175,20220501,1
51175,20220623,1
51175,20220624,1
51175,20220820,1
51175,20211224,1
51175,20211225,1
51175,20211226,1
51135,20220101,2
51135,20220224,2
51135,20220330,2
51135,20220501,2
51135,20220623,2
51135,20220624,2
51135,20220820,2
51135,20211224,2
51135,20211225,2
51135,20211226,2
51139,20220101,1
51139,20220224,1
51139,20220330,1
51139,20220501,1
51139,20220623,1
51139,20220624,1
51139,20220820,1
51139,20211224,1
51139,20211225,1
51139,20211226,1
51439,20220101,2
51439,20220224,2
51439,20220330,2
51439,20220501,2
51439,20220623,2
51439,20220624,2
51439,20220820,2
51439,20211224,2
51439,20211225,2
51439,20211226,2
51177,20220101,1
51177,20220224,1
51177,20220330,1
51177,20220501,1
51177,20220623,1
51177,20220624,1
51177,20220820,1
51177,20211224,1
51177,20211225,1
51177,20211226,1
51166,20220101,2
51166,20220224,2
51166,20220330,2
51166,20220501,2
51166,20220623,2
51166,20220624,2
51166,20220820,2
51166,20211224,2
51166,20211225,2
51166,20211226,2
51207,20220101,2
51207,20220224,2
51207,20220330,2
51207,20220501,2
51207,20220623,2
51207,20220624,2
51207,20220820,2
51207,20211224,2
51207,20211225,2
51207,20211226,2
51195,20220101,2
51195,20220224,2
51195,20220330,2
51195,20220501,2
51195,20220623,2
51195,20220624,2
51195,20220820,2
51195,20211224,2
51195,20211225,2
51195,20211226,2
51196,20220101,1
51196,20220224,1
51196,20220330,1
51196,20220501,1
51196,20220623,1
51196,20220624,1
51196,20220820,1
51196,20211224,1
51196,20211225,1
51196,20211226,1
51197,20220101,2
51197,20220224,2
51197,20220330,2
51197,20220501,2
51197,20220623,2
51197,20220624,2
51197,20220820,2
51197,20211224,2
51197,20211225,2
51197,20211226,2
51198,20220101,1
51198,20220224,1
51198,20220330,1
51198,20220501,1
51198,20220623,1
51198,20220624,1
51198,20220820,1
51198,20211224,1
51198,20211225,1
51198,20211226,1
48082,20220101,2
48082,20220224,2
48082,20220330,2
48082,20220501,2
48082,20220623,2
48082,20220624,2
48082,20220820,2
48082,20211224,2
48082,20211225,2
48082,20211226,2
48083,20220101,1
48083,20220224,1
48083,20220330,1
48083,20220501,1
48083,20220623,1
48083,20220624,1
48083,20220820,1
48083,20211224,1
48083,20211225,1
48083,20211226,1
51190,20220101,2
51190,20220224,2
51190,20220330,2
51190,20220501,2
51190,20220623,2
51190,20220624,2
51190,20220820,2
51190,20211224,2
51190,20211225,2
51190,20211226,2
51191,20220101,1
51191,20220224,1
51191,20220330,1
51191,20220501,1
51191,20220623,1
51191,20220624,1
51191,20220820,1
51191,20211224,1
51191,20211225,1
51191,20211226,1
51185,20220101,2
51185,20220224,2
51185,20220330,2
51185,20220501,2
51185,20220623,2
51185,20220624,2
51185,20220820,2
51185,20211224,2
51185,20211225,2
51185,20211226,2
51187,20220101,2
51187,20220224,2
51187,20220330,2
51187,20220501,2
51187,20220623,2
51187,20220624,2
51187,20220820,2
51187,20211224,2
51187,20211225,2
51187,20211226,2
51188,20220101,1
51188,20220224,1
51188,20220330,1
51188,20220501,1
51188,20220623,1
51188,20220624,1
51188,20220820,1
51188,20211224,1
51188,20211225,1
51188,20211226,1
51192,20220101,2
51192,20220224,2
51192,20220330,2
51192,20220501,2
51192,20220623,2
51192,20220624,2
51192,20220820,2
51192,20211224,2
51192,20211225,2
51192,20211226,2
51194,20220101,1
51194,20220224,1
51194,20220330,1
51194,20220501,1
51194,20220623,1
51194,20220624,1
51194,20220820,1
51194,20211224,1
51194,20211225,1
51194,20211226,1
51184,20220101,1
51184,20220224,1
51184,20220330,1
51184,20220501,1
51184,20220623,1
51184,20220624,1
51184,20220820,1
51184,20211224,1
51184,20211225,1
51184,20211226,1
51182,20220101,2
51182,20220224,2
51182,20220330,2
51182,20220501,2
51182,20220623,2
51182,20220624,2
51182,20220820,2
51182,20211224,2
51182,20211225,2
51182,20211226,2
51183,20220101,1
51183,20220224,1
51183,20220330,1
51183,20220501,1
51183,20220623,1
51183,20220624,1
51183,20220820,1
51183,20211224,1
51183,20211225,1
51183,20211226,1
51161,20220101,2
51161,20220224,2
51161,20220330,2
51161,20220501,2
51161,20220623,2
51161,20220624,2
51161,20220820,2
51161,20211224,2
51161,20211225,2
51161,20211226,2
51162,20220101,1
51162,20220224,1
51162,20220330,1
51162,20220501,1
51162,20220623,1
51162,20220624,1
51162,20220820,1
51162,20211224,1
51162,20211225,1
51162,20211226,1
47604,20220101,2
47604,20220224,2
47604,20220330,2
47604,20220501,2
47604,20220623,2
47604,20220624,2
47604,20220820,2
47604,20211224,2
47604,20211225,2
47604,20211226,2
47609,20220101,1
47609,20220224,1
47609,20220330,1
47609,20220501,1
47609,20220623,1
47609,20220624,1
47609,20220820,1
47609,20211224,1
47609,20211225,1
47609,20211226,1
50925,20220101,2
50925,20220224,2
50925,20220330,2
50925,20220501,2
50925,20220623,2
50925,20220624,2
50925,20220820,2
50925,20211224,2
50925,20211225,2
50925,20211226,2
50982,20220101,1
50982,20220224,1
50982,20220330,1
50982,20220501,1
50982,20220623,1
50982,20220624,1
50982,20220820,1
50982,20211224,1
50982,20211225,1
50982,20211226,1
51163,20220101,2
51163,20220224,2
51163,20220330,2
51163,20220501,2
51163,20220623,2
51163,20220624,2
51163,20220820,2
51163,20211224,2
51163,20211225,2
51163,20211226,2
51165,20220101,1
51165,20220224,1
51165,20220330,1
51165,20220501,1
51165,20220623,1
51165,20220624,1
51165,20220820,1
51165,20211224,1
51165,20211225,1
51165,20211226,1
50980,20220101,2
50980,20220224,2
50980,20220330,2
50980,20220501,2
50980,20220623,2
50980,20220624,2
50980,20220820,2
50980,20211224,2
50980,20211225,2
50980,20211226,2
50981,20220101,1
50981,20220224,1
50981,20220330,1
50981,20220501,1
50981,20220623,1
50981,20220624,1
50981,20220820,1
50981,20211224,1
50981,20211225,1
50981,20211226,1
47590,20220101,2
47590,20220224,2
47590,20220330,2
47590,20220501,2
47590,20220623,2
47590,20220624,2
47590,20220820,2
47590,20211224,2
47590,20211225,2
47590,20211226,2
47593,20220101,1
47593,20220224,1
47593,20220330,1
47593,20220501,1
47593,20220623,1
47593,20220624,1
47593,20220820,1
47593,20211224,1
47593,20211225,1
47593,20211226,1
47591,20220101,2
47591,20220224,2
47591,20220330,2
47591,20220501,2
47591,20220623,2
47591,20220624,2
47591,20220820,2
47591,20211224,2
47591,20211225,2
47591,20211226,2
47594,20220101,1
47594,20220224,1
47594,20220330,1
47594,20220501,1
47594,20220623,1
47594,20220624,1
47594,20220820,1
47594,20211224,1
47594,20211225,1
47594,20211226,1
47592,20220101,2
47592,20220224,2
47592,20220330,2
47592,20220501,2
47592,20220623,2
47592,20220624,2
47592,20220820,2
47592,20211224,2
47592,20211225,2
47592,20211226,2
47595,20220101,1
47595,20220224,1
47595,20220330,1
47595,20220501,1
47595,20220623,1
47595,20220624,1
47595,20220820,1
47595,20211224,1
47595,20211225,1
47595,20211226,1
47605,20220101,2
47605,20220224,2
47605,20220330,2
47605,20220501,2
47605,20220623,2
47605,20220624,2
47605,20220820,2
47605,20211224,2
47605,20211225,2
47605,20211226,2
47610,20220101,1
47610,20220224,1
47610,20220330,1
47610,20220501,1
47610,20220623,1
47610,20220624,1
47610,20220820,1
47610,20211224,1
47610,20211225,1
47610,20211226,1
51111,20220101,2
51111,20220224,2
51111,20220330,2
51111,20220501,2
51111,20220623,2
51111,20220624,2
51111,20220820,2
51111,20211224,2
51111,20211225,2
51111,20211226,2
51113,20220101,1
51113,20220224,1
51113,20220330,1
51113,20220501,1
51113,20220623,1
51113,20220624,1
51113,20220820,1
51113,20211224,1
51113,20211225,1
51113,20211226,1
50868,20220101,2
50868,20220224,2
50868,20220330,2
50868,20220501,2
50868,20220623,2
50868,20220624,2
50868,20220820,2
50868,20211224,2
50868,20211225,2
50868,20211226,2
51151,20220101,2
51151,20220224,2
51151,20220330,2
51151,20220501,2
51151,20220623,2
51151,20220624,2
51151,20220820,2
51151,20211224,2
51151,20211225,2
51151,20211226,2
51160,20220101,1
51160,20220224,1
51160,20220330,1
51160,20220501,1
51160,20220623,1
51160,20220624,1
51160,20220820,1
51160,20211224,1
51160,20211225,1
51160,20211226,1
47491,20220101,2
47491,20220224,2
47491,20220330,2
47491,20220501,2
47491,20220623,2
47491,20220624,2
47491,20220820,2
47491,20211224,2
47491,20211225,2
47491,20211226,2
47494,20220101,2
47494,20220224,2
47494,20220330,2
47494,20220501,2
47494,20220623,2
47494,20220624,2
47494,20220820,2
47494,20211224,2
47494,20211225,2
47494,20211226,2
47495,20220101,1
47495,20220224,1
47495,20220330,1
47495,20220501,1
47495,20220623,1
47495,20220624,1
47495,20220820,1
47495,20211224,1
47495,20211225,1
47495,20211226,1
47497,20220101,2
47497,20220224,2
47497,20220330,2
47497,20220501,2
47497,20220623,2
47497,20220624,2
47497,20220820,2
47497,20211224,2
47497,20211225,2
47497,20211226,2
47500,20220101,1
47500,20220224,1
47500,20220330,1
47500,20220501,1
47500,20220623,1
47500,20220624,1
47500,20220820,1
47500,20211224,1
47500,20211225,1
47500,20211226,1
47496,20220101,2
47496,20220224,2
47496,20220330,2
47496,20220501,2
47496,20220623,2
47496,20220624,2
47496,20220820,2
47496,20211224,2
47496,20211225,2
47496,20211226,2
47551,20220101,1
47551,20220224,1
47551,20220330,1
47551,20220501,1
47551,20220623,1
47551,20220624,1
47551,20220820,1
47551,20211224,1
47551,20211225,1
47551,20211226,1
43247,20220101,2
43247,20220224,2
43247,20220330,2
43247,20220501,2
43247,20220623,2
43247,20220624,2
43247,20220820,2
43247,20211224,2
43247,20211225,2
43247,20211226,2
43248,20220101,2
43248,20220224,2
43248,20220330,2
43248,20220501,2
43248,20220623,2
43248,20220624,2
43248,20220820,2
43248,20211224,2
43248,20211225,2
43248,20211226,2
43250,20220101,1
43250,20220224,1
43250,20220330,1
43250,20220501,1
43250,20220623,1
43250,20220624,1
43250,20220820,1
43250,20211224,1
43250,20211225,1
43250,20211226,1
51296,20220101,2
51296,20220224,2
51296,20220330,2
51296,20220501,2
51296,20220623,2
51296,20220624,2
51296,20220820,2
51296,20211224,2
51296,20211225,2
51296,20211226,2
51424,20220101,2
51424,20220224,2
51424,20220330,2
51424,20220501,2
51424,20220623,2
51424,20220624,2
51424,20220820,2
51424,20211224,2
51424,20211225,2
51424,20211226,2
51426,20220101,1
51426,20220224,1
51426,20220330,1
51426,20220501,1
51426,20220623,1
51426,20220624,1
51426,20220820,1
51426,20211224,1
51426,20211225,1
51426,20211226,1
51297,20220101,2
51297,20220224,2
51297,20220330,2
51297,20220501,2
51297,20220623,2
51297,20220624,2
51297,20220820,2
51297,20211224,2
51297,20211225,2
51297,20211226,2
51427,20220101,2
51427,20220224,2
51427,20220330,2
51427,20220501,2
51427,20220623,2
51427,20220624,2
51427,20220820,2
51427,20211224,2
51427,20211225,2
51427,20211226,2
51428,20220101,1
51428,20220224,1
51428,20220330,1
51428,20220501,1
51428,20220623,1
51428,20220624,1
51428,20220820,1
51428,20211224,1
51428,20211225,1
51428,20211226,1
51299,20220101,2
51299,20220224,2
51299,20220330,2
51299,20220501,2
51299,20220623,2
51299,20220624,2
51299,20220820,2
51299,20211224,2
51299,20211225,2
51299,20211226,2
49444,20220101,2
49444,20220224,2
49444,20220330,2
49444,20220501,2
49444,20220623,2
49444,20220624,2
49444,20220820,2
49444,20211224,2
49444,20211225,2
49444,20211226,2
49589,20220101,1
49589,20220224,1
49589,20220330,1
49589,20220501,1
49589,20220623,1
49589,20220624,1
49589,20220820,1
49589,20211224,1
49589,20211225,1
49589,20211226,1
51295,20220101,2
51295,20220224,2
51295,20220330,2
51295,20220501,2
51295,20220623,2
51295,20220624,2
51295,20220820,2
51295,20211224,2
51295,20211225,2
51295,20211226,2
49445,20220101,2
49445,20220224,2
49445,20220330,2
49445,20220501,2
49445,20220623,2
49445,20220624,2
49445,20220820,2
49445,20211224,2
49445,20211225,2
49445,20211226,2
49443,20220101,1
49443,20220224,1
49443,20220330,1
49443,20220501,1
49443,20220623,1
49443,20220624,1
49443,20220820,1
49443,20211224,1
49443,20211225,1
49443,20211226,1
51293,20220101,2
51293,20220224,2
51293,20220330,2
51293,20220501,2
51293,20220623,2
51293,20220624,2
51293,20220820,2
51293,20211224,2
51293,20211225,2
51293,20211226,2
48835,20220101,2
48835,20220224,2
48835,20220330,2
48835,20220501,2
48835,20220623,2
48835,20220624,2
48835,20220820,2
48835,20211224,2
48835,20211225,2
48835,20211226,2
48309,20220101,1
48309,20220224,1
48309,20220330,1
48309,20220501,1
48309,20220623,1
48309,20220624,1
48309,20220820,1
48309,20211224,1
48309,20211225,1
48309,20211226,1
51292,20220101,2
51292,20220224,2
51292,20220330,2
51292,20220501,2
51292,20220623,2
51292,20220624,2
51292,20220820,2
51292,20211224,2
51292,20211225,2
51292,20211226,2
48308,20220101,2
48308,20220224,2
48308,20220330,2
48308,20220501,2
48308,20220623,2
48308,20220624,2
48308,20220820,2
48308,20211224,2
48308,20211225,2
48308,20211226,2
48307,20220101,1
48307,20220224,1
48307,20220330,1
48307,20220501,1
48307,20220623,1
48307,20220624,1
48307,20220820,1
48307,20211224,1
48307,20211225,1
48307,20211226,1
51068,20220101,2
51068,20220224,2
51068,20220330,2
51068,20220501,2
51068,20220623,2
51068,20220624,2
51068,20220820,2
51068,20211224,2
51068,20211225,2
51068,20211226,2
48304,20220101,2
48304,20220224,2
48304,20220330,2
48304,20220501,2
48304,20220623,2
48304,20220624,2
48304,20220820,2
48304,20211224,2
48304,20211225,2
48304,20211226,2
48303,20220101,1
48303,20220224,1
48303,20220330,1
48303,20220501,1
48303,20220623,1
48303,20220624,1
48303,20220820,1
48303,20211224,1
48303,20211225,1
48303,20211226,1
51294,20220101,2
51294,20220224,2
51294,20220330,2
51294,20220501,2
51294,20220623,2
51294,20220624,2
51294,20220820,2
51294,20211224,2
51294,20211225,2
51294,20211226,2
48836,20220101,2
48836,20220224,2
48836,20220330,2
48836,20220501,2
48836,20220623,2
48836,20220624,2
48836,20220820,2
48836,20211224,2
48836,20211225,2
48836,20211226,2
48305,20220101,1
48305,20220224,1
48305,20220330,1
48305,20220501,1
48305,20220623,1
48305,20220624,1
48305,20220820,1
48305,20211224,1
48305,20211225,1
48305,20211226,1